 log10Enu, nu, nubar
   1.4758566445971830        5.2376152860166943E-027   5.3039225263363137E-027
  0.74095429987144179        1.1848683555238584E-026   1.3007746940980506E-026
   2.2107589893229243        1.1238855016466246E-028   1.6476339195655935E-028
  0.82308650916742632        1.0897451067640238E-026   1.1866198806729465E-026
   2.1286267800269396        1.1203857394586167E-027   1.6215614593156586E-027
  0.96317943158756392        9.4500975686573714E-027   1.0074424156655229E-026
   1.9885338576068021        1.7052681677911600E-027   2.1379467868721356E-027
   1.1488198273947561        8.6008534574065390E-027   8.8253378636713928E-027
   1.8028934617996100        2.6239505256845686E-027   2.9911969791741329E-027
   1.3635172181907540        6.2740906722860111E-027   6.3860972487948006E-027
   1.5881960710036120        4.1476865516487212E-027   4.3929061806283131E-027
  0.72454143905613655        1.2026655288665222E-026   1.3222343084545591E-026
   2.2271718501382294        0.0000000000000000        0.0000000000000000     
  0.77396698543009113        1.1478410805605666E-026   1.2562288429023797E-026
   2.1777463037642750        9.7923487299827994E-028   1.4103432114004735E-027
  0.88665761854130321        1.0094281461543845E-026   1.0909850070601904E-026
   2.0650556706530629        1.3697358785281187E-027   1.8444405128113761E-027
   1.0512044570727976        9.2321285553401767E-027   9.6069721826472033E-027
   1.9005088321215684        2.1007184352872920E-027   2.5049040019336807E-027
   1.2537100640631851        7.5618369774328505E-027   7.6340433927372755E-027
   1.6980032251311810        3.3697595614894192E-027   3.6413779081558783E-027
   1.0985605062066375        8.9939800128512237E-027   9.2706365144555063E-027
  0.73110933384376686        1.1955925574889742E-026   1.3137020708575385E-026
   1.4660116785695081        5.3503549752414404E-027   5.3918645803605785E-027
  0.77217543849175918        1.1498924826511945E-026   1.2586931675182532E-026
   1.4249455739215158        5.7040217682348400E-027   5.8001205872285353E-027
  0.84222189970182793        1.0661625425723364E-026   1.1584659932556908E-026
   1.3548991127114469        6.3571577138674044E-027   6.4651308490481863E-027
  0.93504209760542401        9.5118702046428509E-027   1.0208956021274017E-026
   1.2620789148078511        7.4687595704421195E-027   7.5274159383716194E-027
   1.0423907930034229        9.2557492681204024E-027   9.6570828094806808E-027
   1.1547302194098521        8.5527894154603877E-027   8.7710347892482870E-027
  0.72290290343611430        1.2044198991915900E-026   1.3243513920459950E-026
   1.4742181089771607        5.2563893009843736E-027   5.3185968040765152E-027
  0.74761567662309147        1.1775290269987597E-026   1.2919341472598473E-026
   1.4495053357901835        5.5033225317821393E-027   5.5529896812900718E-027
  0.80396099317869751        1.1127876315103159E-026   1.2141865235720142E-026
   1.3931600192345774        5.9843182947078975E-027   6.1098573856753567E-027
  0.88623441244444479        1.0099810808014882E-026   1.0916409273539452E-026
   1.3108865999688302        6.8781499963175560E-027   6.9542047234985842E-027
  0.98748721593963851        9.3937664138981131E-027   9.9525345823030190E-027
   1.2096337964736366        8.0409469715055304E-027   8.1856812707997397E-027
   1.8531527829877286        2.3145030645676496E-027   2.7391456546015510E-027
   1.4857016106248579        5.1247482424704966E-027   5.2154480255422382E-027
   2.2206039553505992        5.2886400571161511E-031   1.3915712927699942E-030
   1.5267677152728503        4.6759849809996778E-027   4.8565525340281243E-027
   2.1795378507026069        9.7245710357621134E-028   1.3857478440177503E-027
   1.5968141764829191        4.0964011423909097E-027   4.3279774885441833E-027
   2.1094913894925380        1.2038303859537171E-027   1.6865060586426122E-027
   1.6896343743865150        3.4385865324122806E-027   3.6960214565244143E-027
   2.0166711915889421        1.5749290349029892E-027   2.0132789816462719E-027
   1.7969830697845139        2.6537933785390407E-027   3.0219003888747624E-027
   1.9093224961909432        2.0417941034280030E-027   2.4661618659182608E-027
   1.4774951802172054        5.2188377400846049E-027   5.2892334966993669E-027
   2.2288103857582517        0.0000000000000000        0.0000000000000000     
   1.5022079534041826        4.9353801285103838E-027   5.0659995746822210E-027
   2.2040976125712746        1.9921648254002535E-028   2.9237665032296551E-028
   1.5585532699597886        4.3679408612689513E-027   4.5986832614469145E-027
   2.1477522960156685        1.0659879064767286E-027   1.5372459936783611E-027
   1.6408266892255359        3.8500432572210229E-027   4.0160689140826608E-027
   2.0654788767499213        1.3677481451165448E-027   1.8446976650236156E-027
   1.7420794927207295        3.0694228713182816E-027   3.3399966226394186E-027
   1.9642260732547276        1.7999003924110097E-027   2.2515637821632255E-027
   1.6645047137924558        3.6612774099264430E-027   3.8945005242120534E-027
   1.4807791276110205        5.1811942388717503E-027   5.2597499436225173E-027
   1.8482302999738911        2.3385128086681414E-027   2.7624863051975414E-027
   1.5013121799350166        4.9456575363107745E-027   5.0741435845606769E-027
   1.8276972476498949        2.4903297624755313E-027   2.8654123124532586E-027
   1.5363354105400511        4.5782252465558363E-027   4.7765304256685117E-027
   1.7926740170448605        2.6828019067957643E-027   3.0460038888920591E-027
   1.5827455094918490        4.1884529953700180E-027   4.4310861396699597E-027
   1.7462639180930626        3.0458019383244179E-027   3.3059470224904564E-027
   1.6364198571908486        3.8845552437202927E-027   4.0368518900655604E-027
   1.6925895703940630        3.4124809508211267E-027   3.6726163738710677E-027
   1.4766759124071942        5.2282269385826814E-027   5.2965798468402234E-027
   1.8523335151777174        2.3185007665512250E-027   2.7430349264957209E-027
   1.4890322990006828        5.0865447046928941E-027   5.1854007186641671E-027
   1.8399771285842288        2.3893958616912584E-027   2.8027816382246322E-027
   1.5172049572784858        4.7735836608395354E-027   4.9360870228291699E-027
   1.8118044703064258        2.5846743037774951E-027   2.9461487597971649E-027
   1.5583416669113594        4.3694996241173907E-027   4.6001352379899285E-027
   1.7706677606735521        2.8389431604429982E-027   3.1677882243603753E-027
   1.6089680686589563        4.0396516110698820E-027   4.2307673702200222E-027
   1.7200413589259553        3.1970108588246756E-027   3.5153418477905724E-027
   2.0418008521830013        1.5029234169235891E-027   1.9516679876797441E-027
   1.8580752660015660        2.2904703670278080E-027   2.7157395328071364E-027
   2.2255264383644366        5.4124303634159286E-032   1.4241435674397722E-031
   1.8786083183255622        2.2089462127389048E-027   2.6165304145260013E-027
   2.2049933860404405        1.6641565612490097E-028   2.4284871858698965E-028
   1.9136315489305966        2.0114168791157950E-027   2.4481697238545221E-027
   2.1699701554354061        1.0088724642253109E-027   1.5209876685836739E-027
   1.9600416478823945        1.8207146298491247E-027   2.2710489258027877E-027
   2.1235600564836079        1.1475824035330864E-027   1.6416988517924534E-027
   2.0137159955813941        1.5865475048252110E-027   2.0270305305832542E-027
   2.0698857087846085        1.3478082687277850E-027   1.8441304309978905E-027
   1.8539720507977397        2.3105047266785733E-027   2.7352545690413262E-027
   2.2296296535682631        0.0000000000000000        0.0000000000000000     
   1.8663284373912283        2.2532647123364164E-027   2.6762033502522030E-027
   2.2172732669747743        8.4704737914062189E-031   2.2287900172788471E-030
   1.8945010956690314        2.1327382436395144E-027   2.5359650245499531E-027
   2.1891006086969713        9.1138700584283017E-028   1.3956746336628127E-027
   1.9356378053019050        1.9201044021413342E-027   2.3456880206005688E-027
   2.1479638990640977        1.0646969277950845E-027   1.5359037938894053E-027
   1.9862642070495018        1.7177645232237184E-027   2.1438263782876038E-027
   2.0973374973165009        1.2648756028427295E-027   1.7560987597702772E-027
  0.90991243701136471        9.7868781841252797E-027   1.0545748439660821E-026
  0.72618685082992940        1.2008997091099239E-026   1.3201037124589831E-026
   1.0936380231928000        9.0309824197278328E-027   9.3126526053150929E-027
  0.74671990315392556        1.1785198631986763E-026   1.2931273403520201E-026
   1.0731049708688039        9.1715939459425885E-027   9.4791553952931332E-027
  0.78174313375895998        1.1388814895959217E-026   1.2454708385751790E-026
   1.0380817402637694        9.2671458147298720E-027   9.6813076814412312E-027
  0.82815323271075791        1.0835518516632123E-026   1.1792202958963411E-026
  0.99167164131197150        9.3837825098634408E-027   9.9310101299649088E-027
  0.88182758040975739        1.0157247060032231E-026   1.0984563876099702E-026
  0.93799729361297202        9.5055504091875360E-027   1.0195150720285378E-026
  0.72208363562610312        1.2052955611847280E-026   1.3254082083332379E-026
   1.0977412383966263        9.0001570218632808E-027   9.2776492679002606E-027
  0.73444002221959170        1.1919808076015156E-026   1.3093470565050479E-026
   1.0853848518031377        9.0924218743592910E-027   9.3824553952131126E-027
  0.76261268049739472        1.1607609709270813E-026   1.2717564904499729E-026
   1.0572121935253347        9.2157862081794421E-027   9.5723800244156229E-027
  0.80374939013026836        1.1130395848344892E-026   1.2144882548260872E-026
   1.0160754838924611        9.3238240793543270E-027   9.8022436025847512E-027
  0.85437579187786516        1.0509146748391976E-026   1.1402946544410438E-026
  0.96544908214486425        9.4449563452737208E-027   1.0063268248224380E-026
   1.2872085754019102        7.1712749240862754E-027   7.2274489746735720E-027
   1.1034829892204749        8.9567100274191769E-027   9.2283343009241788E-027
   1.4709341615833456        5.2940044721598412E-027   5.3479619764707326E-027
   1.1240160415444711        8.7983576113708289E-027   9.0488007526364299E-027
   1.4504011092593494        5.4959248378122568E-027   5.5439171875307080E-027
   1.1590392721495055        8.5175053078284915E-027   8.7311902476892613E-027
   1.4153778786543150        5.7810566209553704E-027   5.8954801147511348E-027
   1.2054493711013035        8.0854122378030771E-027   8.2371084575793204E-027
   1.3689677797025170        6.2212711490912560E-027   6.3358072095154033E-027
   1.2591237188003030        7.5017000150546521E-027   7.5651312977492198E-027
   1.3152934320035174        6.8231972108473459E-027   6.9028808583061150E-027
   1.0993797740166487        8.9877955917550348E-027   9.2636158352227232E-027
   1.4750373767871718        5.2470027506923756E-027   5.3112615178421645E-027
   1.1117361606101372        8.8936212883433905E-027   9.1567679597634694E-027
   1.4626809901936833        5.3884579344565944E-027   5.4214908349582258E-027
   1.1399088188879403        8.6725908599325971E-027   8.9064444543566601E-027
   1.4345083319158802        5.6263721963479303E-027   5.7042807194488253E-027
   1.1810455285208139        8.3341343924679812E-027   8.5243896551088141E-027
   1.3933716222830066        5.9822284297973069E-027   6.1078620158482144E-027
   1.2316719302684107        7.8037913143791786E-027   7.9120502777622706E-027
   1.3427452205354098        6.4784654258192783E-027   6.5801808968067667E-027
   1.9474768175853649        1.8759362819847510E-027   2.3124870128717691E-027
   1.8556140244946473        2.3024894094217648E-027   2.7274506474294409E-027
   2.0393396106760826        1.5068093793934301E-027   1.9618656205628759E-027
   1.8658805506566454        2.2548740315693273E-027   2.6783732345698146E-027
   2.0290730845140845        1.5246708868279734E-027   2.0020434161300886E-027
   1.8833921659591626        2.1915820212017939E-027   2.5931942006528644E-027
   2.0115614692115673        1.5949003783530779E-027   2.0405825010309008E-027
   1.9065972154350617        2.0610850589301986E-027   2.4775167059964657E-027
   1.9883564197356682        1.7062551279830575E-027   2.1383955023414796E-027
   1.9334343892845613        1.9263406905395890E-027   2.3564480653280662E-027
   1.9615192458861685        1.8133603218864639E-027   2.2641706360127180E-027
   1.8535624168927340        2.3125039743031387E-027   2.7372003379308836E-027
   2.0413912182779956        1.5035710040428671E-027   1.9533655390742561E-027
   1.8597406101894784        2.2823350733572492E-027   2.7078064650376428E-027
   2.0352130249812515        1.5132977606526261E-027   1.9789523411491402E-027
   1.8738269393283800        2.2262465881025688E-027   2.6398055397095303E-027
   2.0211266958423497        1.5568511262197466E-027   2.0092721608561178E-027
   1.8943952941448168        2.1333025016164189E-027   2.5365116082887675E-027
   2.0005583410259131        1.6387864275695161E-027   2.1073319321767705E-027
   1.9197084950186152        1.9688423223832981E-027   2.4227176703739470E-027
   1.9752451401521147        1.7530703658514547E-027   2.1987608640423026E-027
   2.1361248867806379        1.1205547349605735E-027   1.6012650638671354E-027
   2.0442620936899205        1.4941771033183021E-027   1.9378714685384390E-027
   2.2279876798713554        0.0000000000000000        0.0000000000000000     
   2.0545286198519181        1.4235324027797438E-027   1.8551912440816641E-027
   2.2177211537093577        8.0440226957769676E-031   2.1165802438703739E-030
   2.0720402351544354        1.3403130587301960E-027   1.8335012319867553E-027
   2.2002095384068405        4.3310082506137151E-028   6.5146861246849190E-028
   2.0952452846303347        1.2785630238270461E-027   1.7716969205586986E-027
   2.1770044889309412        9.8204688608183860E-028   1.4206244773831332E-027
   2.1220824584798343        1.1565652581997794E-027   1.6478051641429779E-027
   2.1501673150814415        1.0550110114537353E-027   1.5260880473595147E-027
   2.0422104860880070        1.5022754980112966E-027   1.9499703116979665E-027
   2.2300392874732688        0.0000000000000000        0.0000000000000000     
   2.0483886793847517        1.4655714010187482E-027   1.9044403452125751E-027
   2.2238610941765242        2.1533796563873348E-031   5.6660715796520645E-031
   2.0624750085236530        1.3818772878823294E-027   1.8428786101540658E-027
   2.2097747650376229        1.2923233516170269E-028   1.8930671268987937E-028
   2.0830433633400895        1.3047085421707210E-027   1.7855723190510896E-027
   2.1892064102211863        9.1071699717934531E-028   1.3958374436419412E-027
   2.1083565642138882        1.2062157730646340E-027   1.6891518979248758E-027
   2.1638932093473877        1.0348850581288082E-027   1.5248472565128123E-027
   2.0889628694818194        1.2956526929752861E-027   1.7840066633411523E-027
   2.0430314729364607        1.5009759426935399E-027   1.9465674658913727E-027
   2.1348942660271781        1.1205267964279800E-027   1.6046026638230234E-027
   2.0481647360174597        1.4671165635653187E-027   1.9062478095146193E-027
   2.1297610029461791        1.1204111145081519E-027   1.6184973794365336E-027
   2.0569205436687183        1.4081268709243012E-027   1.8395525996178590E-027
   2.1210051952949205        1.1631391984741031E-027   1.6522582298813189E-027
   2.0685230684066678        1.3534782114243143E-027   1.8465558708999378E-027
   2.1094026705569711        1.2040169263280961E-027   1.6867130060126651E-027
   2.0819416553314176        1.3063872966543966E-027   1.7858615129218326E-027
   2.0959840836322212        1.2737204490397311E-027   1.7661817521712307E-027
   2.0420056691355040        1.5025994989357332E-027   1.9508191651757718E-027
   2.1359200698281349        1.1205500795013196E-027   1.6018207273165118E-027
   2.0450947657838761        1.4883823559152668E-027   1.9311044164293172E-027
   2.1328309731797628        1.1204801327379137E-027   1.6101929199688656E-027
   2.0521379303533269        1.4398261691959257E-027   1.8742965423405205E-027
   2.1257878086103119        1.1341138004467114E-027   1.6324961361634828E-027
   2.0624221077615452        1.3821265386704299E-027   1.8428467036230163E-027
   2.1155036312020936        1.1911678958828005E-027   1.6724426609225238E-027
   2.0750787081984443        1.3297508203606339E-027   1.8185262731384376E-027
   2.1028470307651945        1.2292222144457820E-027   1.7153257370635247E-027
   2.1832869040794560        9.4871110697186183E-028   1.3868177985063257E-027
   2.1373555075340973        1.1205827534718816E-027   1.5979249648723540E-027
   2.2292183006248147        0.0000000000000000        0.0000000000000000     
   2.1424887706150963        1.0984011628176937E-027   1.5707984021109393E-027
   2.2240850375438157        1.9369508422031975E-031   5.0965941308291911E-031
   2.1512445782663550        1.0547103033007903E-027   1.5262279957040955E-027
   2.2153292298925571        3.3672405179280094E-029   5.0064967961819183E-029
   2.1628471030043044        1.0393930557539247E-027   1.5255024532605159E-027
   2.2037267051546077        2.1459983200052844E-028   3.1569698532110007E-028
   2.1762656899290542        9.8485070252644691E-028   1.4309208074574230E-027
   2.1903081182298578        8.7169583912324552E-028   1.3375970826502179E-027
   2.1363297037331406        1.1205593926352524E-027   1.6007093311935950E-027
   2.2302441044257715        0.0000000000000000        0.0000000000000000     
   2.1394188003815131        1.1175729494962635E-027   1.5905137318691142E-027
   2.2271550077773989        0.0000000000000000        0.0000000000000000     
   2.1464619649509635        1.0738803849246053E-027   1.5454417757661955E-027
   2.2201118432079485        5.7602965407519147E-031   1.5156757157573792E-030
   2.1567461423591818        1.0531642610243378E-027   1.5269483509321869E-027
   2.2098276657997302        1.2832797424246864E-028   1.8798895542194095E-028
   2.1694027427960814        1.0112878797541242E-027   1.5213750693118883E-027
   2.1971710653628307        6.1179193628280094E-028   9.2995556715905920E-028
   1.9003148002865466        2.1017519152255429E-027   2.5059078995858977E-027
   1.8543834037411879        2.3084969324429397E-027   2.7333001808263046E-027
   1.9462461968319054        1.8808089139881062E-027   2.3153084436535581E-027
   1.8595166668221867        2.2834291785567873E-027   2.7088736654104472E-027
   1.9411129337509065        1.9011208410291397E-027   2.3270282582282799E-027
   1.8682724744734454        2.2462736173483766E-027   2.6667795200590545E-027
   1.9323571260996479        1.9293854833787611E-027   2.3617067395768707E-027
   1.8798749992113950        2.2043537614969452E-027   2.6103560729233391E-027
   1.9207546013616983        1.9620029073684233E-027   2.4182540469978823E-027
   1.8932935861361448        2.1391787960758461E-027   2.5422022489055563E-027
   1.9073360144369484        2.0558494995185973E-027   2.4744404000329878E-027
   1.8533575999402312        2.3135035392064969E-027   2.7381730528685142E-027
   1.9472720006328621        1.8767473335880956E-027   2.3129569103809958E-027
   1.8564466965886035        2.2984237862490889E-027   2.7234904049077241E-027
   1.9441829039844898        1.8889758270799787E-027   2.3200287090864481E-027
   1.8634898611580542        2.2640119255627382E-027   2.6899203366820123E-027
   1.9371397394150391        1.9158469796022819E-027   2.3383505469825117E-027
   1.8737740385662724        2.2264376862834013E-027   2.6400627712777415E-027
   1.9268555620068208        1.9448921271960104E-027   2.3885412491853825E-027
   1.8864306390031718        2.1758106738880312E-027   2.5776118541931402E-027
   1.9141989615699215        2.0074283586324904E-027   2.4457970665381143E-027
   1.9946388348841833        1.6714142075294819E-027   2.1224539966976905E-027
   1.9487074383388245        1.8710625005987050E-027   2.3096610287553832E-027
   2.0405702314295420        1.5048678966597862E-027   1.9567673850533104E-027
   1.9538407014198234        1.8507209932806496E-027   2.2978240052638783E-027
   2.0354369683485429        1.5129465133128088E-027   1.9780254407809433E-027
   1.9625965090710820        1.8080015781266780E-027   2.2591543423531273E-027
   2.0266811606972843        1.5343485350718919E-027   2.0042305047881748E-027
   1.9741990338090316        1.7564127588950142E-027   2.2039755606692963E-027
   2.0150786359593349        1.5812659833774084E-027   2.0184715122672227E-027
   1.9876176207337815        1.7103663400135969E-027   2.1402628624621576E-027
   2.0016600490345851        1.6333135854233916E-027   2.1031501455629112E-027
   1.9476816345378678        1.8751251985429575E-027   2.3120169892339953E-027
   2.0415960352304987        1.5032472519631866E-027   1.9525167790368712E-027
   1.9507707311862401        1.8628885027931532E-027   2.3049126952710173E-027
   2.0385069385821266        1.5081213391691934E-027   1.9653145500154065E-027
   1.9578138957556908        1.8318114533191383E-027   2.2814143324989008E-027
   2.0314637740126757        1.5191635281365891E-027   1.9944637894633886E-027
   1.9680980731639091        1.7806757107024289E-027   2.2335164813014947E-027
   2.0211795966044575        1.5566366267273735E-027   2.0092243881930301E-027
   1.9807546736008084        1.7354396323162137E-027   2.1712941085653375E-027
   2.0085229961675579        1.6066841036648103E-027   2.0597332640653793E-027
   2.1597058954300472        1.0523253272989917E-027   1.5273398247650713E-027
   2.1367401971573678        1.1205687342044680E-027   1.5995953256327721E-027
   2.1826715937027266        9.5271991534627070E-028   1.3858905977422200E-027
   2.1393068286978671        1.1182759139103006E-027   1.5912348232685478E-027
   2.1801049621622273        9.6956295453363547E-028   1.3820437586691942E-027
   2.1436847325234965        1.0909855858308224E-027   1.5631468731688803E-027
   2.1757270583365980        9.8689689306213101E-028   1.4384633636020047E-027
   2.1494859948924714        1.0554382739288980E-027   1.5262644334529432E-027
   2.1699257959676230        1.0090604321898340E-027   1.5210435528374649E-027
   2.1561952883548465        1.0533198424259566E-027   1.5268757968804336E-027
   2.1632165025052479        1.0378002008394889E-027   1.5252712392627223E-027
   2.1362272952568895        1.1205570635209161E-027   1.6009872061782395E-027
   2.1831844956032049        9.4937752987978794E-028   1.3866633467335098E-027
   2.1377718435810755        1.1205922506690788E-027   1.5967944005283508E-027
   2.1816399472790189        9.5946639154109674E-028   1.3843403583889653E-027
   2.1412934258658010        1.1058426937255971E-027   1.5784622275379908E-027
   2.1781183649942935        9.7782572163333979E-028   1.4052080706157109E-027
   2.1464355145699101        1.0740425357828730E-027   1.5456099813438501E-027
   2.1729762762901843        9.9737329202542744E-028   1.4774576583047518E-027
   2.1527638147883597        1.0542850989728549E-027   1.5264259740894644E-027
   2.1666479760717348        1.0230558534163498E-027   1.5231156795676944E-027
   2.2068679127288648        1.1407013475554052E-028   1.6448114636841502E-028
   2.1839022144561855        9.4471351879941340E-028   1.3877469355078014E-027
   2.2298336110015442        0.0000000000000000        0.0000000000000000     
   2.1864688459966848        9.2815930698200972E-028   1.3916436183283809E-027
   2.2272669794610449        0.0000000000000000        0.0000000000000000     
   2.1908467498223141        8.4797851339333234E-028   1.3002462022791039E-027
   2.2228890756354156        3.0914891473863355E-031   8.1344684133385091E-031
   2.1966480121912890        6.2864902312062093E-028   9.5627236161704948E-028
   2.2170878132664407        3.1618279986826031E-030   5.6075682957878167E-030
   2.2033573056536642        2.3108659128561082E-028   3.4074886033394837E-028
   2.2103785198040655        1.1890434318154051E-028   1.7425764742664909E-028
   2.1833893125557071        9.4804499486625529E-028   1.3869723039133247E-027
   2.2303465129020226        0.0000000000000000        0.0000000000000000     
   2.1849338608798932        9.3803620740649567E-028   1.3893091105343846E-027
   2.2288019645778365        0.0000000000000000        0.0000000000000000     
   2.1884554431646186        9.1547977468122871E-028   1.3946831052451583E-027
   2.2252803822931111        7.7982703156485674E-032   2.0519167474661471E-031
   2.1935975318687277        7.3615678758485271E-028   1.1245343108667004E-027
   2.2201382935890019        5.7349592131554303E-031   1.5090088416010762E-030
   2.1999258320871773        4.5822691035170744E-028   6.9049597970927442E-028
   2.2138099933705524        5.9931144237749584E-029   8.8326953309994943E-029
   2.0653818608324102        1.3682037299199569E-027   1.8446386900502753E-027
   2.0424161625597308        1.5019500539617065E-027   1.9491178649916756E-027
   2.0883475591050895        1.2965968224870841E-027   1.7841703386705934E-027
   2.0449827941002301        1.4891609274157955E-027   1.9320137776122090E-027
   2.0857809275645902        1.3005280320858019E-027   1.7848507395312811E-027
   2.0493606979258594        1.4588743196809917E-027   1.8966041886286492E-027
   2.0814030237389609        1.3077990416045924E-027   1.7874173713111720E-027
   2.0551619602948343        1.4192319269073514E-027   1.8501450802091041E-027
   2.0756017613699860        1.3279335887834069E-027   1.8159502712019942E-027
   2.0618712537572095        1.3847228455619271E-027   1.8425147255172670E-027
   2.0688924679076108        1.3517500060568773E-027   1.8467823714728268E-027
   2.0419032606592524        1.5027614682974629E-027   1.9512435803103039E-027
   2.0888604610055679        1.2958098731656171E-027   1.7840339195030617E-027
   2.0434478089834385        1.4998549106541028E-027   1.9444994201258696E-027
   2.0873159126813818        1.2981783170022631E-027   1.7844442750479989E-027
   2.0469693912681639        1.4753782438073416E-027   1.9159087489759207E-027
   2.0837943303966564        1.3035630348522840E-027   1.7853747992909028E-027
   2.0521114799722731        1.4400069770963261E-027   1.8745084276852603E-027
   2.0786522416925473        1.3173414061432275E-027   1.8009379791182975E-027
   2.0584397801907226        1.4009315030270233E-027   1.8404575002971053E-027
   2.0723239414740977        1.3393264424204750E-027   1.8321022411983539E-027
   2.1125438781312287        1.1974066581455203E-027   1.6793755127706977E-027
   2.0895781798585493        1.2947079138080615E-027   1.7838427709985272E-027
   2.1355095764039080        1.1205407557113439E-027   1.6029341773402325E-027
   2.0921448113990486        1.2907599808710628E-027   1.7831567837407023E-027
   2.1329429448634087        1.1204826593687543E-027   1.6098897284366434E-027
   2.0965227152246779        1.2701962958447443E-027   1.7621657718745477E-027
   2.1285650410377794        1.1203843601396608E-027   1.6217281825174083E-027
   2.1023239775936529        1.2325826195332750E-027   1.7191775952288504E-027
   2.1227637786688045        1.1524183606169609E-027   1.6449893092530216E-027
   2.1090332710560276        1.2047935264387757E-027   1.6875744923106176E-027
   2.1160544852064298        1.1900056790377806E-027   1.6711503084071026E-027
   2.0890652779580710        1.2954954947893457E-027   1.7839794011679281E-027
   2.1360224783043864        1.1205524069540834E-027   1.6015429042499869E-027
   2.0906098262822570        1.2931224146099758E-027   1.7835674968779915E-027
   2.1344779299802004        1.1205173625007436E-027   1.6057312512290895E-027
   2.0941314085669824        1.2858832529657853E-027   1.7800268030236935E-027
   2.1309563476954749        1.1204379294321584E-027   1.6152657992302682E-027
   2.0992734972710916        1.2522827240724780E-027   1.7417213259283230E-027
   2.1258142589913658        1.1339544264058126E-027   1.6323868986201189E-027
   2.1056017974895411        1.2119999223390397E-027   1.6955630832966750E-027
   2.1194859587729162        1.1724458420219874E-027   1.6585398938532736E-027
   1.8767337916371376        2.2157353867013911E-027   2.6256613282699808E-027
   1.8537680933644582        2.3115001751141005E-027   2.7362234272046467E-027
   1.8996994899098170        2.1050295750481623E-027   2.5090911349382829E-027
   1.8563347249049578        2.2989705370564190E-027   2.7240230564238293E-027
   1.8971328583693174        2.1187064909872652E-027   2.5223641466024398E-027
   1.8607126287305871        2.2775856907472850E-027   2.7031728178750516E-027
   1.8927549545436881        2.1420522041482737E-027   2.5449838204413752E-027
   1.8665138910995618        2.2525982019917345E-027   2.6753047394625370E-027
   1.8869536921747134        2.1730173403540928E-027   2.5749156371912699E-027
   1.8732231845619367        2.2284271768781807E-027   2.6427409425424986E-027
   1.8802443987123385        2.2030137531527663E-027   2.6085548202504561E-027
   1.8532551914639799        2.3140033068424780E-027   2.7386593678949668E-027
   1.9002123918102953        2.1022973965557145E-027   2.5064377301937009E-027
   1.8547997397881661        2.3064646576763106E-027   2.7313216554112291E-027
   1.8986678434861091        2.1105260190953905E-027   2.5144271740630454E-027
   1.8583213220728914        2.2892685126449044E-027   2.7145678697677419E-027
   1.8951462612013839        2.1292977205086207E-027   2.5326316886162921E-027
   1.8634634107770005        2.2641412285134703E-027   2.6900466456293410E-027
   1.8900041724972747        2.1567310843156464E-027   2.5591827866490626E-027
   1.8697917109954503        2.2408035425833390E-027   2.6594087527602452E-027
   1.8836758722788249        2.1905259009619957E-027   2.5918049064153190E-027
   1.9238958089359559        1.9532043638944654E-027   2.4029620394474944E-027
   1.9009301106632766        2.0984747226804271E-027   2.5027241981143753E-027
   1.9468615072086353        1.8783727438833105E-027   2.3138982975807221E-027
   1.9034967422037761        2.0831045773196018E-027   2.4904113677106087E-027
   1.9442948756681357        1.8885327097025790E-027   2.3197728764659759E-027
   1.9078746460294054        2.0520352271717685E-027   2.4721966889042974E-027
   1.9399169718425064        1.9058499354693846E-027   2.3297473703304998E-027
   1.9136759083983801        2.0111049651205930E-027   2.4479842618858980E-027
   1.9341157094735317        1.9244135823774664E-027   2.3531215151943331E-027
   1.9203852018607550        1.9641210012276222E-027   2.4198778860914356E-027
   1.9274064160111568        1.9433427613874029E-027   2.3858560740527481E-027
   1.9004172087627982        2.1012064468390504E-027   2.5053780560664669E-027
   1.9473744091091136        1.8763418117764856E-027   2.3127219773931521E-027
   1.9019617570869842        2.0929811591151016E-027   2.4973852857137746E-027
   1.9458298607849276        1.8824571264112497E-027   2.3162619415368336E-027
   1.9054833393717097        2.0689869448666597E-027   2.4821521310327693E-027
   1.9423082785002022        1.8963929301203780E-027   2.3243062410861227E-027
   1.9106254280758188        2.0325927068013898E-027   2.4607265082774536E-027
   1.9371661897960930        1.9157719554360940E-027   2.3382213063471257E-027
   1.9169537282942684        1.9881029162397641E-027   2.4342666147505671E-027
   1.9308378895776435        1.9336748028865206E-027   2.3691206347728109E-027
   1.5701806791948194        4.2819826633221067E-027   4.5185207077490825E-027
   1.4783178861041018        5.2094083151703085E-027   5.2818526411859008E-027
   1.6620434722855371        3.6831380556778954E-027   3.9138742876284258E-027
   1.4885844122660998        5.0916824376642151E-027   5.1894445603144735E-027
   1.6517769461235390        3.7641172461057186E-027   3.9639805541872539E-027
   1.5060960275686170        4.8907743178860770E-027   5.0306081824882818E-027
   1.6342653308210218        3.9014126290185964E-027   4.0469750307024927E-027
   1.5293010770445161        4.6501088097412692E-027   4.8354064427712944E-027
   1.6110602813451227        4.0298024496180809E-027   4.2139829608777784E-027
   1.5561382508940158        4.3857188396407870E-027   4.6152397852664736E-027
   1.5842231074956230        4.1774127714738983E-027   4.4207506234225789E-027
   1.4762662785021885        5.2329212206652071E-027   5.3002516465044687E-027
   1.6640950798874503        3.6649153223537526E-027   3.8977259174788313E-027
   1.4824444717989329        5.1621002212550859E-027   5.2447762753909060E-027
   1.6579168865907059        3.7158456632350633E-027   3.9344983616992105E-027
   1.4965308009378344        5.0005169771019926E-027   5.1175502632143329E-027
   1.6438305574518044        3.8264950495784216E-027   4.0018431750208136E-027
   1.5170991557542712        4.7746626988012014E-027   4.9369643920176611E-027
   1.6232622026353676        3.9718978135922385E-027   4.1158266757611040E-027
   1.5424123566280696        4.5160960872987878E-027   4.7254844700662404E-027
   1.5979490017615692        4.0911361367932094E-027   4.3189228648968404E-027
   1.7588287483900922        2.9430889224917508E-027   3.2313759511819799E-027
   1.6669659552993745        3.6394233803315791E-027   3.8751133724914248E-027
   1.8506915414808098        2.3265109807269985E-027   2.7508242932848908E-027
   1.6772324814613726        3.5483519352059856E-027   3.7941117880447764E-027
   1.8404250153188118        2.3857398067613672E-027   2.8004901100515948E-027
   1.6947440967638898        3.3953257996283384E-027   3.6598473161271622E-027
   1.8229134000162945        2.5300000970346485E-027   2.8897036038284622E-027
   1.7179491462397889        3.2133943144227137E-027   3.5273901055003085E-027
   1.7997083505403955        2.6379366832239308E-027   3.0072395401914157E-027
   1.7447863200892886        3.0541480693263372E-027   3.3179681681815677E-027
   1.7728711766908958        2.8196632439869855E-027   3.1559025529482318E-027
   1.6649143476974613        3.6576396807602811E-027   3.8912747600767288E-027
   1.8527431490827231        2.3165019958553000E-027   2.7410905178551769E-027
   1.6710925409942057        3.6027991890554229E-027   3.8425797807946022E-027
   1.8465649557859787        2.3466299489764812E-027   2.7703675849595237E-027
   1.6851788701331072        3.4779841207515159E-027   3.7312876797859198E-027
   1.8324786266470772        2.4508727216799822E-027   2.8410721454429176E-027
   1.7057472249495440        3.3090228733945803E-027   3.5973139963057501E-027
   1.8119102718306404        2.5842067008227878E-027   2.9456124637271852E-027
   1.7310604258233424        3.1314010676880308E-027   3.4297442505245395E-027
   1.7865970709568419        2.7237553613794527E-027   3.0799134921750845E-027
   1.7116667310912739        3.2626160586861284E-027   3.5634658482897008E-027
   1.6657353345459152        3.6503495219887197E-027   3.8848085882739549E-027
   1.7575981276366326        2.9539657786909869E-027   3.2379583536316333E-027
   1.6708685976269140        3.6047861379077175E-027   3.8443462122799617E-027
   1.7524648645556338        2.9994347478828029E-027   3.2653581311102243E-027
   1.6796244052781726        3.5271580336983195E-027   3.7752119605402902E-027
   1.7437090569043752        3.0602294093966352E-027   3.3267340343896297E-027
   1.6912269300161222        3.4245155802283579E-027   3.6834097661384760E-027
   1.7321065321664255        3.1255316050560108E-027   3.4212199090103320E-027
   1.7046455169408721        3.3176621732503332E-027   3.6035979415547202E-027
   1.7186879452416757        3.2076084652424183E-027   3.5231375648297414E-027
   1.6647095307449584        3.6594585222231955E-027   3.8928876883481066E-027
   1.7586239314375893        2.9448985534303421E-027   3.2324718501827869E-027
   1.6677986273933307        3.6320314875447555E-027   3.8685514946707876E-027
   1.7555348347892170        2.9722229196695456E-027   3.2489827410763875E-027
   1.6748417919627814        3.5695447862564700E-027   3.8129919028100396E-027
   1.7484916702197664        3.0332081917067423E-027   3.2878282764710942E-027
   1.6851259693709997        3.4784521567819366E-027   3.7317062350057304E-027
   1.7382074928115481        3.0912392877976366E-027   3.3715210906419075E-027
   1.6977825698078990        3.3714904424689481E-027   3.6426297795380310E-027
   1.7255508923746488        3.1622614237316939E-027   3.4746490482099312E-027
   1.8059907656889105        2.6103231035158343E-027   2.9755664077215337E-027
   1.7600593691435518        2.9322214222063780E-027   3.2247883085893347E-027
   1.8519221622342692        2.3205077619065560E-027   2.7449870362115381E-027
   1.7651926322245506        2.8869932962198067E-027   3.1972536498595874E-027
   1.8467888991532704        2.3455385903358785E-027   2.7693082204553773E-027
   1.7739484398758092        2.8102494671357143E-027   3.1500859160186066E-027
   1.8380330915020118        2.4052859389521132E-027   2.8127222369718596E-027
   1.7855509646137588        2.7308098156415127E-027   3.0857407003180993E-027
   1.8264305667640621        2.5008152497690777E-027   2.8718502991367308E-027
   1.7989695515385087        2.6411767776147263E-027   3.0109561051827397E-027
   1.8130119798393123        2.5793358279420528E-027   2.9400260719956238E-027
   1.7590335653425950        2.9412795507140090E-027   3.2302799070275762E-027
   1.8529479660352259        2.3155025501845559E-027   2.7401181429802991E-027
   1.7621226619909673        2.9140219543542172E-027   3.2137316198615974E-027
   1.8498588693868536        2.3305720641754397E-027   2.7547715872830892E-027
   1.7691658265604180        2.8521042008347039E-027   3.1758809599687654E-027
   1.8428157048174030        2.3662559251765758E-027   2.7882503872817591E-027
   1.7794500039686363        2.7719750203639959E-027   3.1196641188105966E-027
   1.8325315274091847        2.4504372730112656E-027   2.8408025125300843E-027
   1.7921066044055356        2.6866237307348258E-027   3.0491742391771619E-027
   1.8198749269722854        2.5489231334649761E-027   2.9051473108929054E-027
   1.7824097570395012        2.7519998921416027E-027   3.1032200816994808E-027
   1.7594440587668219        2.9376539962497838E-027   3.2280827827860754E-027
   1.8053754553121806        2.6130324113347782E-027   2.9786739274058319E-027
   1.7620106903073214        2.9150089202411865E-027   3.2143320219881270E-027
   1.8028088237716811        2.6243225441690502E-027   2.9916236891980987E-027
   1.7663885941329507        2.8764803889008485E-027   3.1908258043538436E-027
   1.7984309199460518        2.6440528338490815E-027   3.0137909815149748E-027
   1.7721898565019254        2.8256212151015667E-027   3.1595793989277469E-027
   1.7926296575770770        2.6831006750972895E-027   3.0462517725083377E-027
   1.7788991499643003        2.7756935832666734E-027   3.1227218072819866E-027
   1.7859203641147021        2.7283186142740898E-027   3.0836833505744354E-027
   1.7589311568663435        2.9421842041773026E-027   3.2308279472392182E-027
   1.8058883572126589        2.6107740953321525E-027   2.9760836845652747E-027
   1.7604757051905295        2.9285469330295977E-027   3.2225584375460275E-027
   1.8043438088884729        2.6175725994228086E-027   2.9838814733400237E-027
   1.7639972874752550        2.8975101245224906E-027   3.2036734007550759E-027
   1.8008222266037475        2.6330487486117325E-027   3.0016328660415385E-027
   1.7691393761793641        2.8523361156427194E-027   3.1760234142989449E-027
   1.7956801378996383        2.6625617843665111E-027   3.0291935986602436E-027
   1.7754676763978137        2.7988636159367263E-027   3.1417492231009481E-027
   1.7893518376811888        2.7051847186219205E-027   3.0645540691825535E-027
   1.8295717743383195        2.4748374326252780E-027   2.8558770152593469E-027
   1.8066060760656402        2.6076127695229323E-027   2.9724577310041071E-027
   1.8525374726109989        2.3175055953223006E-027   2.7420668589544497E-027
   1.8091727076061397        2.5962962213591894E-027   2.9594781853723086E-027
   1.8499708410704994        2.3300260002675669E-027   2.7542408950197730E-027
   1.8135506114317690        2.5769532792111056E-027   2.9372935566734471E-027
   1.8455929372448701        2.3513663107267369E-027   2.7749640816273901E-027
   1.8193518738007437        2.5512452026988108E-027   2.9078102827216531E-027
   1.8397916748758953        2.3909102366168261E-027   2.8037303339100607E-027
   1.8260611672631186        2.5038756426312000E-027   2.8737269785420801E-027
   1.8330823814135204        2.4459044070428410E-027   2.8379944029865368E-027
   1.8060931741651618        2.6098720832742478E-027   2.9750490988276914E-027
   1.8530503745114772        2.3150028123567582E-027   2.7396319129695637E-027
   1.8076377224893481        2.6030662557908989E-027   2.9672430527713765E-027
   1.8515058261872910        2.3225389016556457E-027   2.7469623244006272E-027
   1.8111593047740733        2.5875250575942290E-027   2.9494183159949837E-027
   1.8479842439025658        2.3397123113677360E-027   2.7636512597558247E-027
   1.8163013934781824        2.5647739729904518E-027   2.9233255072813963E-027
   1.8428421551984566        2.3660406516585631E-027   2.7881148913280361E-027
   1.8226296936966322        2.5323586804756643E-027   2.8911422241525784E-027
   1.8365138549800069        2.4177274859734485E-027   2.8204841491342405E-027
