 log10Enu, nu, nubar
   1.3606321839080460        4.5883930615198670E-027   4.8299928517485792E-027
  0.73794769369232549        6.5997593967378201E-027   7.4484603466977261E-027
   1.9833166741237664        0.0000000000000000        0.0000000000000000     
  0.80753850836695673        5.9826442259529555E-027   6.7414344313521295E-027
   1.9137258594491353        1.2910522671750380E-028   1.6278334461361574E-028
  0.92623957199272144        5.0690726845537030E-027   5.5878804711785900E-027
   1.7950247958233705        2.3206727156778308E-027   2.7068190683651279E-027
   1.0835331172593174        3.9775018111926255E-027   4.1286932498609317E-027
   1.6377312505567745        3.1993575151484756E-027   3.4485435477760244E-027
   1.2654467229212272        2.9604349907452841E-027   3.0612411498903531E-027
   1.4558176448948648        4.3052061910121813E-027   4.4175078587387743E-027
  0.72404103800792441        6.7182971414643933E-027   7.5843923055193852E-027
   1.9972233298081674        0.0000000000000000        0.0000000000000000     
  0.76591942003837621        6.3563468618603528E-027   7.1694521945534040E-027
   1.9553449477777156        4.0408797688280049E-031   3.3504695603276756E-031
  0.86140245929460413        5.5248864780608080E-027   6.1953886064162692E-027
   1.8598619085214878        2.0606265396939276E-027   2.4492295713585260E-027
   1.0008233837248146        4.5391594770358698E-027   4.8804690838421870E-027
   1.7204409840912773        2.7294529400958796E-027   3.0545804731042865E-027
   1.1724068622095549        3.2936571182292742E-027   3.4419284189701967E-027
   1.5488575056065370        3.5329179928962383E-027   3.8258768029497378E-027
   1.0409482758620690        4.2503998091767695E-027   4.4978084993964826E-027
  0.72960603075420871        6.6710646520700614E-027   7.5302243088890027E-027
   1.3522905209699292        4.5495911462438344E-027   4.7483383734135081E-027
  0.76440143809152428        6.3697224544947516E-027   7.1847794159386019E-027
   1.3174951136326136        4.2179654304574807E-027   4.2892089084855895E-027
  0.82375196990440669        5.8336409556330848E-027   6.5708918673068979E-027
   1.2581445818197312        2.9730753272253790E-027   3.0567712820463763E-027
  0.90239874253770469        5.2400051311534242E-027   5.8144785351393892E-027
   1.1794978091864332        3.2483092436475767E-027   3.3917861019390489E-027
  0.99335554536865955        4.5920141098789724E-027   4.9511635723322920E-027
   1.0885410063554783        3.9449130159066385E-027   4.0850756407385240E-027
  0.72265270291200823        6.7300380424225380E-027   7.5978581559042497E-027
   1.3592438488121297        4.5818602749725934E-027   4.8161963812149054E-027
  0.74359189392723413        6.5511722429397000E-027   7.3927547191675036E-027
   1.3383046577969038        4.4868889631091353E-027   4.6178652246319686E-027
  0.79133341355534803        6.1297099969009074E-027   6.9098258043564321E-027
   1.2905631381687899        3.2684720290169020E-027   3.3884955185469594E-027
  0.86104387577045327        5.5273254800557791E-027   6.1986669204764505E-027
   1.2208526759536846        3.0634299658766433E-027   3.1068740023883608E-027
  0.94683561501282343        4.9185026020706744E-027   5.3895277145333170E-027
   1.1350609367113145        3.6029757220449757E-027   3.7121060581986372E-027
   1.6803160919540230        2.9435205281436176E-027   3.2307941035986854E-027
   1.3689738468461627        4.5729797411026135E-027   4.8143113180521737E-027
   1.9916583370618832        0.0000000000000000        0.0000000000000000     
   1.4037692541834783        4.4822207936638390E-027   4.6749908781551294E-027
   1.9568629297245677        2.3856129123966735E-031   1.9780156557412086E-031
   1.4631197859963607        4.2586467011424277E-027   4.3816603133684615E-027
   1.8975123979116852        1.3459255838677177E-027   1.6394067073391220E-027
   1.5417665586296587        3.5726992246262512E-027   3.8537119907725614E-027
   1.8188656252783872        2.2201315422775738E-027   2.6166498314627529E-027
   1.6327233614606136        3.2185885876422067E-027   3.4670592418970638E-027
   1.7279088224474324        2.6800986084810154E-027   3.0155285741821903E-027
   1.3620205190039623        4.5927431729237636E-027   4.8398701677211042E-027
   1.9986116649040837        0.0000000000000000        0.0000000000000000     
   1.3829597100191882        4.5325242263920301E-027   4.7620711785955686E-027
   1.9776724738888578        0.0000000000000000        0.0000000000000000     
   1.4307012296473021        4.4539260816157358E-027   4.5341892459128328E-027
   1.9299309542607439        2.3388803062028493E-029   3.0626014563766109E-029
   1.5004116918624073        3.9173421453387940E-027   4.1367470638977324E-027
   1.8602204920456387        2.0590347886500400E-027   2.4466784336061324E-027
   1.5862034311047775        3.3539561765350436E-027   3.6522129416133268E-027
   1.7744287528032685        2.4179280465511145E-027   2.8023229364694986E-027
   1.5204741379310345        3.7084820183259019E-027   4.0109946901748004E-027
   1.3648030153771042        4.5848622301845459E-027   4.8296752120100735E-027
   1.6761452604849647        2.9707134909695126E-027   3.2466575526771711E-027
   1.3822007190457621        4.5347439306378594E-027   4.7649347342877412E-027
   1.6587475568163068        3.0969621414284863E-027   3.3527577956730329E-027
   1.4118759849522033        4.4738690648538087E-027   4.6330749860604015E-027
   1.6290722909098656        3.2314348667573367E-027   3.4801024082739283E-027
   1.4511993712688525        4.3334111649190883E-027   4.4391476437145168E-027
   1.5897489045932165        3.3386310144121689E-027   3.6266452905670935E-027
   1.4966777726843297        3.9580887752054860E-027   4.1595120154813016E-027
   1.5442705031777393        3.5568747156319711E-027   3.8361772320698868E-027
   1.3613263514560041        4.5916707978053633E-027   4.8369225045403328E-027
   1.6796219244060648        2.9480471085694069E-027   3.2334394935462066E-027
   1.3717959469636170        4.5648924174618564E-027   4.8038597191599481E-027
   1.6691523288984520        3.0191068684893173E-027   3.2820337443886107E-027
   1.3956667067776740        4.4949459416246593E-027   4.7136414483438239E-027
   1.6452815690843949        3.1697628555868334E-027   3.4202732089548587E-027
   1.4305219378852265        4.4541196960605487E-027   4.5351411532435459E-027
   1.6104263379768424        3.2930008397090452E-027   3.5462969165587137E-027
   1.4734178075064117        4.1704343110280381E-027   4.3128888061934825E-027
   1.5675304683556572        3.4344754926963583E-027   3.7831029962644177E-027
   1.8401580459770115        2.1817464409023770E-027   2.5509657777355470E-027
   1.6844869234230813        2.9163176772494215E-027   3.2148562074138528E-027
   1.9958291685309417        0.0000000000000000        0.0000000000000000     
   1.7018846270917392        2.8263244362956972E-027   3.1519535188040213E-027
   1.9784314648622838        0.0000000000000000        0.0000000000000000     
   1.7315598929981804        2.6518869584123188E-027   2.9994281752225142E-027
   1.9487561989558426        1.1975152363355176E-030   1.0222688578304693E-030
   1.7708832793148295        2.4439799529118232E-027   2.8190030632433138E-027
   1.9094328126391935        2.3382378954330967E-028   2.8698752538071646E-028
   1.8163616807303067        2.2287911179571939E-027   2.6242454090782960E-027
   1.8639544112237163        2.0409806355599870E-027   2.4229066360045993E-027
   1.6810102595019811        2.9389936737581724E-027   3.2281466514131686E-027
   1.9993058324520419        0.0000000000000000        0.0000000000000000     
   1.6914798550095940        2.8732987186130339E-027   3.1884486513635435E-027
   1.9888362369444290        0.0000000000000000        0.0000000000000000     
   1.7153506148236510        2.7575890259748906E-027   3.0851713307583318E-027
   1.9649654771303720        0.0000000000000000        0.0000000000000000     
   1.7502058459312035        2.5251641920096985E-027   2.8938540202014323E-027
   1.9301102460228194        2.2939497886662265E-029   3.0033257023290977E-029
   1.7931017155523887        2.3241819719934853E-027   2.7155666340352188E-027
   1.8872143764016343        1.7743132817076484E-027   2.1798758930186360E-027
  0.88110632183908044        5.3894401905620710E-027   6.0137864855608254E-027
  0.72543519928515032        6.7064898505156275E-027   7.5708506893749506E-027
   1.0367774443930107        4.2807642451367005E-027   4.5377585586894141E-027
  0.74283290295380811        6.5577217215975805E-027   7.4002633751146267E-027
   1.0193797407243528        4.4065778795959466E-027   4.7040178145877948E-027
  0.77250816886024931        6.2980759472742997E-027   7.1026849976240877E-027
  0.98970447481791157        4.6177459169200416E-027   4.9856521018718055E-027
  0.81183155517689831        5.9433672783003147E-027   6.6964731332070992E-027
  0.95038108850126257        4.8923245191684847E-027   5.3551640162550989E-027
  0.85730995659237574        5.5526669217609370E-027   6.2327458688561261E-027
  0.90490268708578514        5.2222284998252868E-027   5.7908435008407846E-027
  0.72195853536405008        6.7359021006844623E-027   7.6045838899405711E-027
   1.0402541083141108        4.2554586991716797E-027   4.5044596239979947E-027
  0.73242813087166303        6.6470086837220195E-027   7.5026383646718867E-027
   1.0297845128064980        4.3315017314192798E-027   4.6046662845820714E-027
  0.75629889068571998        6.4407999439354840E-027   7.2662363779783893E-027
   1.0059137529924409        4.5029635235720833E-027   4.8321707973287268E-027
  0.79115412179327260        6.1313263004779724E-027   6.9116768441453152E-027
  0.97105852188488828        4.7479981900508978E-027   5.1609408911126779E-027
  0.83404999141445768        5.7380878127152144E-027   6.4615623679777240E-027
  0.92816265226370320        5.0551247898991018E-027   5.5694565251262222E-027
   1.2007902298850575        3.1539655381980285E-027   3.2453584919553378E-027
   1.0451191073311272        4.2236640592710343E-027   4.4614840612351950E-027
   1.3564613524389877        4.5688577548154901E-027   4.7887955467378947E-027
   1.0625168109997851        4.1130457216601956E-027   4.3112186070814224E-027
   1.3390636487703298        4.4902181786442953E-027   4.6247469205863205E-027
   1.0921920769062263        3.9210865493372116E-027   4.0532519687391646E-027
   1.3093883828638886        3.8997650592296835E-027   3.9892606239842704E-027
   1.1315154632228754        3.6323772872062174E-027   3.7375916456435163E-027
   1.2700649965472395        2.9523584274017074E-027   3.0641106218554719E-027
   1.1769938646383526        3.2592813108377179E-027   3.4089543523782873E-027
   1.2245865951317623        3.0464118203828496E-027   3.0810674978140254E-027
   1.0416424434100271        4.2455874494052771E-027   4.4914022562162284E-027
   1.3599380163600878        4.5851228943078818E-027   4.8230841703818106E-027
   1.0521120389176399        4.1793816484977637E-027   4.4011910516565482E-027
   1.3494684208524750        4.5367049734283807E-027   4.7213753653336201E-027
   1.0759827987316970        4.0264284741017557E-027   4.1943731272300850E-027
   1.3255976610384179        4.4323612590733548E-027   4.5058850440510780E-027
   1.1108380298392495        3.7985647928420718E-027   3.8904996589991966E-027
   1.2907424299308654        3.2738564647815116E-027   3.3936546086746632E-027
   1.1537338994604347        3.4481712354245507E-027   3.5773696478656059E-027
   1.2478465603096802        2.9906331755942810E-027   3.0506046581326794E-027
   1.7602370689655173        2.4776030072330310E-027   2.8450153805039024E-027
   1.6824015076885523        2.9299201878832561E-027   3.2228344360810285E-027
   1.8380726302424824        2.1918161458805057E-027   2.5580839545211896E-027
   1.6911003595228813        2.8750053318159751E-027   3.1897711460879465E-027
   1.8293737784081534        2.1942128688189371E-027   2.5846519073716566E-027
   1.7059379924761018        2.8079310251847780E-027   3.1376136102601246E-027
   1.8145361454549329        2.2350942375724196E-027   2.6297693275310736E-027
   1.7255996856344262        2.6979724160996146E-027   3.0256858577473693E-027
   1.7948744522966085        2.3209474329555152E-027   2.7075033180847664E-027
   1.7483388863421649        2.5363461463840468E-027   2.9064770979399066E-027
   1.7721352515888698        2.4347729580867807E-027   2.8131172527096388E-027
   1.6806631757280022        2.9412571345012965E-027   3.2294706351694589E-027
   1.8398109622030325        2.1843577863291340E-027   2.5522216432668408E-027
   1.6858979734818087        2.9071127642344234E-027   3.2094474147224852E-027
   1.8345761644492260        2.1927849565503554E-027   2.5687937831564566E-027
   1.6978333533888370        2.8446563353817568E-027   3.1662174923771322E-027
   1.8226407845421977        2.2070451845704907E-027   2.6051570110103419E-027
   1.7152609689426135        2.7580841526082065E-027   3.0857095759442126E-027
   1.8052131689884212        2.2815737029252387E-027   2.6645175283125371E-027
   1.7367089037532060        2.6122076661635453E-027   2.9766392716593907E-027
   1.7837652341778287        2.3496529311447051E-027   2.7582240738573970E-027
   1.9200790229885056        5.5996549165763014E-029   7.3070943812327884E-029
   1.8422434617115406        2.1660783737624202E-027   2.5434119435817611E-027
   1.9979145842654706        0.0000000000000000        0.0000000000000000     
   1.8509423135458696        2.1011365448557675E-027   2.5117545850473981E-027
   1.9892157324311417        0.0000000000000000        0.0000000000000000     
   1.8657799464990901        2.0286263627528975E-027   2.4179179556017058E-027
   1.9743780994779212        0.0000000000000000        0.0000000000000000     
   1.8854416396574145        1.8227439566993355E-027   2.2385809175723128E-027
   1.9547164063195968        4.7245739700983540E-031   3.9173502251768629E-031
   1.9081808403651532        2.7887169415487800E-028   3.4024424246675694E-028
   1.9319772056118580        1.8735149355549209E-029   2.4491087757692124E-029
   1.8405051297509905        2.1791361332229011E-027   2.5497095268399481E-027
   1.9996529162260208        0.0000000000000000        0.0000000000000000     
   1.8457399275047970        2.1398941620626180E-027   2.5307159860267959E-027
   1.9944181184722143        0.0000000000000000        0.0000000000000000     
   1.8576753074118253        2.0703309839063204E-027   2.4647979691694900E-027
   1.9824827385651860        0.0000000000000000        0.0000000000000000     
   1.8751029229656018        1.9655894453755868E-027   2.3917596286315327E-027
   1.9650551230114095        0.0000000000000000        0.0000000000000000     
   1.8965508577761943        1.3814886085890907E-027   1.6840909655306053E-027
   1.9436071882008170        3.5164056581016245E-030   3.7975582503495001E-030
   1.4405531609195403        4.3979841269324166E-027   4.4885572522567458E-027
   1.3627175996425753        4.5907722807648013E-027   4.8373202055800405E-027
   1.5183887221965053        3.7222520231719158E-027   4.0261756617921730E-027
   1.3714164514769043        4.5659821677306215E-027   4.8052678049434781E-027
   1.5096898703621764        3.8164173148629625E-027   4.0798771220680707E-027
   1.3862540844301248        4.5228572810658610E-027   4.7496039481913362E-027
   1.4948522374089559        3.9780355812163695E-027   4.1706160680196914E-027
   1.4059157775884492        4.4800230414520703E-027   4.6639317043023722E-027
   1.4751905442506315        4.1552253570305039E-027   4.3009959744462319E-027
   1.4286549782961879        4.4561315527704210E-027   4.5450418478875927E-027
   1.4524513435428927        4.3257764987630682E-027   4.4332935843093374E-027
   1.3609792676820252        4.5900309822008110E-027   4.8334550517506448E-027
   1.5201270541570555        3.7106818742509023E-027   4.0135463487075123E-027
   1.3662140654358317        4.5808515392482560E-027   4.8244884287764654E-027
   1.5148922564032490        3.7600451185725892E-027   4.0478044463230751E-027
   1.3781494453428600        4.5465448886834069E-027   4.7801640585100415E-027
   1.5029568764962207        3.8896093203578265E-027   4.1211892080440926E-027
   1.3955770608966365        4.4952138099818625E-027   4.7139863434116416E-027
   1.4855292609424442        4.0664054491916036E-027   4.2313281491804293E-027
   1.4170249957072290        4.4684911696595148E-027   4.6062423695659068E-027
   1.4640813261318517        4.2504208215614713E-027   4.3752621215577229E-027
   1.6003951149425286        3.3138500807266605E-027   3.5832249380663941E-027
   1.5225595536655636        3.6952549135504761E-027   3.9956546098600459E-027
   1.6782306762194936        2.9571183959836360E-027   3.2387351590875287E-027
   1.5312584054998926        3.6399091819227701E-027   3.9315109007017631E-027
   1.6695318243851647        3.0162696077198578E-027   3.2794508051420931E-027
   1.5460960384531131        3.5473513411769424E-027   3.8320875809854984E-027
   1.6546941914319442        3.1273199376130640E-027   3.3802562770087453E-027
   1.5657577316114375        3.4438829815420738E-027   3.7872222497690049E-027
   1.6350324982736197        3.2098774066517382E-027   3.4585854789641206E-027
   1.5884969323191762        3.3440488837416237E-027   3.6356770178416461E-027
   1.6122932975658810        3.2890817855505903E-027   3.5393722151329006E-027
   1.5208212217050134        3.7062817093313989E-027   4.0084426157593927E-027
   1.6799690081800438        2.9457838532957208E-027   3.2321170564682130E-027
   1.5260560194588200        3.6730418527936874E-027   3.9699020555915889E-027
   1.6747342104262373        2.9799105847395993E-027   3.2520074533624374E-027
   1.5379913993658483        3.5968879226249792E-027   3.8816995226524961E-027
   1.6627988305192090        3.0666341779032895E-027   3.3252425288334147E-027
   1.5554190149196248        3.4984920673510571E-027   3.8110011233489990E-027
   1.6453712149654325        3.1694100388381433E-027   3.4199359989127742E-027
   1.5768669497302172        3.3940481295079291E-027   3.7193952227813543E-027
   1.6239232801548400        3.2494548733613656E-027   3.4983935905356158E-027
   1.1208692528735633        3.7206431259897601E-027   3.8139067794311987E-027
   1.0430336915965983        4.2368218636768109E-027   4.4794347169719746E-027
   1.1987048141505283        3.1632866128585025E-027   3.2597296803539230E-027
   1.0517325434309273        4.1817910829178987E-027   4.4044668714265594E-027
   1.1900059623161994        3.2019796940901937E-027   3.3196114478159505E-027
   1.0665701763841478        4.0870622040051854E-027   4.2760913024032121E-027
   1.1751683293629789        3.2708496002240491E-027   3.4218520854445997E-027
   1.0862318695424722        3.9599530774855272E-027   4.1051926380540630E-027
   1.1555066362046544        3.4334851311797166E-027   3.5645382893180464E-027
   1.1089710702502109        3.8108933473836972E-027   3.9068081258607418E-027
   1.1327674354969157        3.6219951842262224E-027   3.7285960681359707E-027
   1.0412953596360481        4.2478695896112613E-027   4.4944826379409237E-027
   1.2004431461110785        3.1555180765001068E-027   3.2477507240652673E-027
   1.0465301573898547        4.2147485358396485E-027   4.4493302172692388E-027
   1.1952083483572720        3.1788757120818362E-027   3.2838119582735754E-027
   1.0584655372968830        4.1389374025763879E-027   4.3462860405077282E-027
   1.1832729684502437        3.2317173720008375E-027   3.3658791572246352E-027
   1.0758931528506595        4.0270078608421236E-027   4.1951523022110578E-027
   1.1658453528964672        3.3479001204280086E-027   3.4895879142711898E-027
   1.0973410876612519        3.8873907635685657E-027   4.0083424227341421E-027
   1.1443974180858747        3.5255557097630471E-027   3.6448393384224105E-027
   1.2807112068965516        2.9889174050878521E-027   3.1197285059973580E-027
   1.2028756456195866        3.1446272618956444E-027   3.2309819454305996E-027
   1.3585467681735166        4.5785915381453637E-027   4.8093006316996239E-027
   1.2115744974539155        3.1054914489358399E-027   3.1709623521448197E-027
   1.3498479163391877        4.5384308217684253E-027   4.7249820582209873E-027
   1.2264121304071360        3.0380728784858893E-027   3.0684483553229374E-027
   1.3350102833859672        4.4725342059428334E-027   4.5882519468326538E-027
   1.2460738235654605        2.9936241422028309E-027   3.0495590242672769E-027
   1.3153485902276427        4.1306777752965250E-027   4.2071042888711058E-027
   1.2688130242731992        2.9545542184056354E-027   3.0633294504127384E-027
   1.2926093895199040        3.3305889309020387E-027   3.4479739134646792E-027
   1.2011373136590364        3.1524125234036291E-027   3.2429661114200436E-027
   1.3602851001340668        4.5867570331061831E-027   4.8265358945970986E-027
   1.2063721114128430        3.1289321307984817E-027   3.2068666448792299E-027
   1.3550503023802603        4.5623097441370621E-027   4.7750263174908444E-027
   1.2183074913198713        3.0750005245874344E-027   3.1244605068597332E-027
   1.3431149224732319        4.5081295710671422E-027   4.6618591607647405E-027
   1.2357351068736477        3.0108846769661156E-027   3.0435520782688631E-027
   1.3256873069194555        4.4327380853121168E-027   4.5066541744982508E-027
   1.2571830416842402        2.9747279909935966E-027   3.0561887547388677E-027
   1.3042393721088630        3.7130441790850543E-027   3.8123942733106409E-027
   1.8801185344827585        1.8953696657544945E-027   2.3166374677873630E-027
   1.8412007538442761        2.1739076961570641E-027   2.5471905945361007E-027
   1.9190363151212408        6.1421513060359541E-029   8.0095872945367741E-029
   1.8455501797614404        2.1413123679694364E-027   2.5314059669476899E-027
   1.9146868892040765        1.1294080273564363E-028   1.4326832428040822E-028
   1.8529689962380507        2.0912064984940099E-027   2.4983737987856153E-027
   1.9072680727274662        3.1994026654271853E-028   3.9029100733809925E-028
   1.8627998428172130        2.0475826541319011E-027   2.4283441075936074E-027
   1.8974372261483039        1.3486753574404012E-027   1.6428604464446724E-027
   1.8741694431710822        1.9721532844898017E-027   2.3948548307691447E-027
   1.8860676257944347        1.8143310516650236E-027   2.2295144932929939E-027
   1.8403315878640010        2.1804411572139558E-027   2.5503377004347801E-027
   1.9199054811015159        5.6844380619683992E-029   7.4172016803927303E-029
   1.8429489867409041        2.1607862104916286E-027   2.5408532418707622E-027
   1.9172880822246128        7.8517392097124624E-029   1.0125619441637249E-028
   1.8489166766944183        2.1161984246942057E-027   2.5191475703144582E-027
   1.9113203922710986        1.8021409272821963E-028   2.2381517765696098E-028
   1.8576304844713065        2.0705298798767315E-027   2.4651173154428893E-027
   1.9026065844942104        6.4243096622859254E-028   7.8308267160433623E-028
   1.8683544518766029        2.0112429677813741E-027   2.4108644060306424E-027
   1.8918826170889140        1.5666820297591940E-027   1.9173429679384115E-027
   1.9600395114942528        0.0000000000000000        0.0000000000000000     
   1.9211217308557702        5.1155682767709237E-029   6.6782593239238315E-029
   1.9989572921327354        0.0000000000000000        0.0000000000000000     
   1.9254711567729348        3.5000805202575450E-029   4.5774949444750977E-029
   1.9946078662155708        0.0000000000000000        0.0000000000000000     
   1.9328899732495450        1.6964125691859165E-029   2.2159244620507946E-029
   1.9871890497389606        0.0000000000000000        0.0000000000000000     
   1.9427208198287074        4.2273933800488961E-030   4.7526500426400863E-030
   1.9773582031597983        0.0000000000000000        0.0000000000000000     
   1.9540904201825766        5.4045058731483077E-031   4.4811114045710383E-031
   1.9659886028059290        0.0000000000000000        0.0000000000000000     
   1.9202525648754951        5.5161031780895335E-029   7.1985785788856184E-029
   1.9998264581130105        0.0000000000000000        0.0000000000000000     
   1.9228699637523985        4.3938496881242985E-029   5.7402042575499999E-029
   1.9972090592361071        0.0000000000000000        0.0000000000000000     
   1.9288376537059126        2.6023813561621106E-029   3.4082405320862154E-029
   1.9912413692825930        0.0000000000000000        0.0000000000000000     
   1.9375514614828009        1.0182874952673390E-029   1.3249846662053653E-029
   1.9825275615057047        0.0000000000000000        0.0000000000000000     
   1.9482754288880970        1.3249423350272865E-030   1.1562922137887937E-030
   1.9718035941004086        0.0000000000000000        0.0000000000000000     
   1.7202765804597702        2.7303622873601101E-027   3.0555692968817328E-027
   1.6813587998212876        2.9367206482257211E-027   3.2268165931872157E-027
   1.7591943610982528        2.4808635498235761E-027   2.8475347871424773E-027
   1.6857082257384521        2.9083506202721171E-027   3.2101752423583415E-027
   1.7548449351810882        2.4973855712160363E-027   2.8624916922048022E-027
   1.6931270422150624        2.8658856972163252E-027   3.1827013744840851E-027
   1.7474261187044779        2.5418135316381644E-027   2.9126488141157275E-027
   1.7029578887942247        2.8214592038915264E-027   3.1481632214483314E-027
   1.7375952721253156        2.6053901765780123E-027   2.9727066254759201E-027
   1.7143274891480940        2.7632390961615126E-027   3.0913132798763654E-027
   1.7262256717714464        2.6931246441681021E-027   3.0229342722185616E-027
   1.6804896338410125        2.9423888397969219E-027   3.2301324338145099E-027
   1.7600635270785279        2.4781459174216468E-027   2.8454349599589854E-027
   1.6831070327179158        2.9253184979177569E-027   3.2201373657686138E-027
   1.7574461282016245        2.4863223116251531E-027   2.8517503259508074E-027
   1.6890747226714300        2.8863867656119652E-027   3.1972394704659260E-027
   1.7514784382481103        2.5175429511558225E-027   2.8852500810760078E-027
   1.6977885304483182        2.8448588634376976E-027   3.1663749234878525E-027
   1.7427646304712221        2.5697390497499488E-027   2.9441687330285335E-027
   1.7085124978536144        2.7953173810219507E-027   3.1261774844517087E-027
   1.7320406630659260        2.6481766804324979E-027   2.9973044335357207E-027
   1.8001975574712645        2.3082088324946076E-027   2.6838543364120525E-027
   1.7612797768327821        2.4743389276400324E-027   2.8424921548269878E-027
   1.8391153381097469        2.1895945515161678E-027   2.5547374829512043E-027
   1.7656292027499465        2.4606855366687231E-027   2.8319258769179429E-027
   1.8347659121925826        2.1927325696756845E-027   2.5682136426472745E-027
   1.7730480192265567        2.4280656694534172E-027   2.8088231889353977E-027
   1.8273470957159723        2.1947647733168734E-027   2.5908046732995224E-027
   1.7828788658057191        2.3561135175107943E-027   2.7624212435081786E-027
   1.8175162491368100        2.2248002041247762E-027   2.6207457951861899E-027
   1.7942484661595883        2.3220906020188184E-027   2.7103516441618265E-027
   1.8061466487829407        2.2766167690625054E-027   2.6609094770392878E-027
   1.7604106108525071        2.4770599990685233E-027   2.8445956952605286E-027
   1.8399845040900220        2.1830519840276271E-027   2.5515937586952252E-027
   1.7630280097294102        2.4688583627666768E-027   2.8382530742884893E-027
   1.8373671052131189        2.1920122288437907E-027   2.5602483475795427E-027
   1.7689956996829244        2.4500758148473121E-027   2.8237018365973906E-027
   1.8313994152596047        2.1936588092327820E-027   2.5784882622223750E-027
   1.7777095074598126        2.3938814184059626E-027   2.7868553995895680E-027
   1.8226856074827165        2.2068895905888386E-027   2.6050202593178329E-027
   1.7884334748651090        2.3326580663805183E-027   2.7367570032831617E-027
   1.8119616400774201        2.2457422176674086E-027   2.6383694706075041E-027
   1.8601382902298851        2.0593996896629339E-027   2.4472632085328542E-027
   1.8406793999106439        2.1778258942644395E-027   2.5490786202460465E-027
   1.8795971805491263        1.9025876380553641E-027   2.3243749145453646E-027
   1.8428541128692262        2.1614976089204434E-027   2.5411974094581586E-027
   1.8774224675905440        1.9328985300684684E-027   2.3568281163609634E-027
   1.8465635211075313        2.1337422025302899E-027   2.5277198346505449E-027
   1.8737130593522389        1.9752123381753354E-027   2.3961152171932029E-027
   1.8514789443971122        2.0978122100836259E-027   2.5090227306283880E-027
   1.8687976360626579        2.0082552443037537E-027   2.4096480456118398E-027
   1.8571637445740470        2.0726008926307022E-027   2.4684431574029582E-027
   1.8631128358857232        2.0461927105690597E-027   2.4261213013629241E-027
   1.8402448169205063        2.1810937666122770E-027   2.5506517511248632E-027
   1.8800317635392638        1.8965696787640908E-027   2.3179240955681642E-027
   1.8415535163589580        2.1712578704915635E-027   2.5459126122067789E-027
   1.8787230641008121        1.9147316343349562E-027   2.3373847874704949E-027
   1.8445373613357150        2.1488877407778311E-027   2.5350869653730100E-027
   1.8757392191240552        1.9565844889671540E-027   2.3821446496051250E-027
   1.8488942652241591        2.1163652764465852E-027   2.5192292942500466E-027
   1.8713823152356110        1.9908585550910391E-027   2.4025416652977763E-027
   1.8542562489268073        2.0854983900431890E-027   2.4891813131168600E-027
   1.8660203315329629        2.0270012857526604E-027   2.4172602541288844E-027
   1.9000987787356320        9.3189237718112797E-028   1.1354455147621098E-027
   1.8806398884163908        1.8881704559650960E-027   2.3089165299720465E-027
   1.9195576690548732        5.8581383947065461E-029   7.6427609698727207E-029
   1.8828146013749729        1.8583425458022275E-027   2.2768882986004726E-027
   1.9173829560962912        7.7479962022593858E-029   9.9978579640823772E-029
   1.8865240096132780        1.8070669943629284E-027   2.2213807729345284E-027
   1.9136735478579860        1.3004758816439930E-028   1.6391748473150554E-028
   1.8914394329028592        1.5853935856695194E-027   1.9409598409899379E-027
   1.9087581245684049        2.5656388958263610E-028   3.1357604294423069E-028
   1.8971242330797939        1.3601799630308514E-027   1.6573127015788653E-027
   1.9030733243914701        5.9931963950371750E-028   7.3058943218369264E-028
   1.8802053054262533        1.8941701724709297E-027   2.3153512973082139E-027
   1.9199922520450108        5.6418914670985486E-029   7.3619476839250746E-029
   1.8815140048647048        1.8761421177752743E-027   2.2960084233983172E-027
   1.9186835526065593        6.4546730070450346E-029   8.3982135200429531E-029
   1.8844978498414620        1.8354786535159269E-027   2.2522950911541230E-027
   1.9156997076298021        9.8059138114954880E-029   1.2518974726487859E-028
   1.8888547537299061        1.6986503494439968E-027   2.0840891605369234E-027
   1.9113428037413580        1.7965650420856925E-028   2.2315402793526408E-028
   1.8942167374325543        1.4714228366652339E-027   1.7972494840256167E-027
   1.9059808200387098        3.8814976260720298E-028   4.7339659498464876E-028
   1.9400592672413792        7.3322285620318486E-030   9.2962299096676981E-030
   1.9206003769221380        5.3522865863858252E-029   6.9857932301064658E-029
   1.9595181575606204        0.0000000000000000        0.0000000000000000     
   1.9227750898807201        4.4303331166465764E-029   5.7876402404251877E-029
   1.9573434446020384        1.8604339742546014E-031   1.5425669053121483E-031
   1.9264844981190252        3.2021459183493607E-029   4.1896130302467110E-029
   1.9536340363637332        5.8996022396947341E-031   4.8916173835756416E-031
   1.9313999214086064        1.9947360911270392E-029   2.6088138975532062E-029
   1.9487186130741521        1.2070244882688040E-030   1.0321670906688404E-030
   1.9370847215855411        1.0719436644389760E-029   1.3953454313075206E-029
   1.9430338128972173        3.9614220334784545E-030   4.3909017420660201E-030
   1.9201657939320005        5.5577262140053024E-029   7.2526389479142690E-029
   1.9599527405507580        0.0000000000000000        0.0000000000000000     
   1.9214744933704520        4.9612125082432236E-029   6.4776910559013963E-029
   1.9586440411123065        4.3602814493196333E-032   3.6152994165040408E-032
   1.9244583383472091        3.8247674762064296E-029   5.0000280478549788E-029
   1.9556601961355493        3.6975964760853228E-031   3.0658384184224077E-031
   1.9288152422356533        2.6075405558700404E-029   3.4149653142860096E-029
   1.9513032922471052        8.4199532823027580E-031   6.9813502963783050E-031
   1.9341772259383014        1.4742060726768315E-029   1.9236174494677551E-029
   1.9459413085444570        2.1613123679865185E-030   2.0988428388123623E-030
   1.9800197557471264        0.0000000000000000        0.0000000000000000     
   1.9605608654278852        0.0000000000000000        0.0000000000000000     
   1.9994786460663676        0.0000000000000000        0.0000000000000000     
   1.9627355783864673        0.0000000000000000        0.0000000000000000     
   1.9973039331077855        0.0000000000000000        0.0000000000000000     
   1.9664449866247724        0.0000000000000000        0.0000000000000000     
   1.9935945248694804        0.0000000000000000        0.0000000000000000     
   1.9713604099143536        0.0000000000000000        0.0000000000000000     
   1.9886791015798992        0.0000000000000000        0.0000000000000000     
   1.9770452100912883        0.0000000000000000        0.0000000000000000     
   1.9829943014029645        0.0000000000000000        0.0000000000000000     
   1.9601262824377477        0.0000000000000000        0.0000000000000000     
   1.9999132290565051        0.0000000000000000        0.0000000000000000     
   1.9614349818761991        0.0000000000000000        0.0000000000000000     
   1.9986045296180537        0.0000000000000000        0.0000000000000000     
   1.9644188268529563        0.0000000000000000        0.0000000000000000     
   1.9956206846412965        0.0000000000000000        0.0000000000000000     
   1.9687757307414004        0.0000000000000000        0.0000000000000000     
   1.9912637807528524        0.0000000000000000        0.0000000000000000     
   1.9741377144440486        0.0000000000000000        0.0000000000000000     
   1.9859017970502042        0.0000000000000000        0.0000000000000000     
   1.7802173132183909        2.3755402519230923E-027   2.7750111322725349E-027
   1.7607584228991497        2.4759714091565094E-027   2.8437542450712603E-027
   1.7996762035376321        2.3109775006337744E-027   2.6858595198129413E-027
   1.7629331358577318        2.4691560386364589E-027   2.8384833981284285E-027
   1.7975014905790501        2.3161381314239694E-027   2.6955378756200833E-027
   1.7666425440960369        2.4574957599058741E-027   2.8294545681545318E-027
   1.7937920823407449        2.3229233614685892E-027   2.7124275544989821E-027
   1.7715579673856181        2.4390172818337545E-027   2.8158317785667822E-027
   1.7888766590511638        2.3318559677793866E-027   2.7347479924406576E-027
   1.7772427675625528        2.3972988433585396E-027   2.7890578059478996E-027
   1.7831918588742290        2.3538316450212361E-027   2.7609393947962656E-027
   1.7603238399090122        2.4773315153959019E-027   2.8448055511058712E-027
   1.8001107865277697        2.3086696328926645E-027   2.6841881298934019E-027
   1.7616325393474637        2.4732338447228004E-027   2.8416376479841043E-027
   1.7988020870893182        2.3137500616131161E-027   2.6896068759424853E-027
   1.7646163843242209        2.4638703617044095E-027   2.8343923045509772E-027
   1.7958182421125610        2.3192218432483181E-027   2.7032068453737299E-027
   1.7689732882126650        2.4501465661945441E-027   2.8237567174508150E-027
   1.7914613382241169        2.3271672614715769E-027   2.7230199146835907E-027
   1.7743352719153132        2.4186140799798579E-027   2.8027632048720619E-027
   1.7860993545214687        2.3368735305259505E-027   2.7473283424586886E-027
   1.8201778017241379        2.2155870926089313E-027   2.6126607295039199E-027
   1.8007189114048967        2.3054401616613501E-027   2.6818482441283071E-027
   1.8396366920433791        2.1856693290084719E-027   2.5528520657280636E-027
   1.8028936243634790        2.2938913213948215E-027   2.6734705007949775E-027
   1.8374619790847968        2.1919858785475304E-027   2.5599573938573851E-027
   1.8066030326017841        2.2741933435010503E-027   2.6591444371178949E-027
   1.8337525708464917        2.1930120893767020E-027   2.5713104436213854E-027
   1.8115184558913651        2.2480949771318807E-027   2.6400912004736911E-027
   1.8288371475569107        2.1943592409323949E-027   2.5862824249093911E-027
   1.8172032560682998        2.2258824462763788E-027   2.6216949666626334E-027
   1.8231523473799760        2.2052690930654150E-027   2.6035958561397182E-027
   1.8002843284147592        2.3077480320219168E-027   2.6835205177544370E-027
   1.8400712750335166        2.1823991800516797E-027   2.5512797802609606E-027
   1.8015930278532108        2.3007981363680806E-027   2.6784827386529744E-027
   1.8387625755950650        2.1916241015854753E-027   2.5559657270363674E-027
   1.8045768728299678        2.2849526093012867E-027   2.6669752719112622E-027
   1.8357787306183080        2.1924525774809152E-027   2.5651149509777175E-027
   1.8089337767184119        2.2618175672866558E-027   2.6501197769116225E-027
   1.8314218267298639        2.1936526654844785E-027   2.5784199897370030E-027
   1.8142957604210601        2.2359235785464686E-027   2.6304958477229931E-027
   1.8260598430272157        2.1951620576090733E-027   2.5947058163404965E-027
