 log10Enu, nu, nubar
   1.3377534386277083        2.6279915899683721E-027   2.6855361711140950E-027
  0.73735070780479017        6.7594153218695519E-027   7.6544342512797587E-027
   1.9381561694506266        0.0000000000000000        0.0000000000000000     
  0.80445132750444770        6.0692907432932311E-027   6.9359115045178029E-027
   1.8710555497509689        1.6855161365076133E-029   2.0605232783191693E-029
  0.91890486516652126        5.2208006505482141E-027   5.7827987986065079E-027
   1.7566020120888954        2.7693284650235471E-027   3.1885832426306180E-027
   1.0705699148069345        4.1213294203556438E-027   4.3218328940668828E-027
   1.6049369624484822        4.5623810336833423E-027   4.9571457592376769E-027
   1.2459740357212290        2.8544519178732518E-027   2.9636925388456291E-027
   1.4295328415341877        4.6488615194935495E-027   4.8309656161429094E-027
  0.72394167934699782        6.8971733254595357E-027   7.7944646025608987E-027
   1.9515651979084190        0.0000000000000000        0.0000000000000000     
  0.76432151107336366        6.4780517660415880E-027   7.3675219049538819E-027
   1.9111853661820530        0.0000000000000000        0.0000000000000000     
  0.85638784389120937        5.6936492037142682E-027   6.4220071455793840E-027
   1.8191190333642073        1.0616141662059442E-027   1.2378087421812370E-027
  0.99081981558325261        4.6777795116134554E-027   5.0515372338553374E-027
   1.6846870616721641        4.2572937971872209E-027   4.7060228981424313E-027
   1.1562634562473133        3.4832810922877169E-027   3.5848953798925110E-027
   1.5192434210081034        4.3233838799357241E-027   4.6336999038503619E-027
   1.0295089032219003        4.4098766757863755E-027   4.6963054944915481E-027
  0.72930753781044122        6.8422242302862187E-027   7.7386434417301122E-027
   1.3297102686333593        2.6119947708067673E-027   2.6350828965322408E-027
  0.76285784766026987        6.4934599010469313E-027   7.3832661538295300E-027
   1.2961599587835306        2.6319155817870884E-027   2.6530622904206608E-027
  0.82008461649130671        5.9584327080089876E-027   6.7835526089820996E-027
   1.2389331899524938        2.8953186072956738E-027   3.0127482245588818E-027
  0.89591714131151334        5.3942709319881573E-027   6.0173628974545047E-027
   1.1631006651322873        3.4367842640753416E-027   3.5299105395421768E-027
  0.98361920176866058        4.7334645389786940E-027   5.1256628427378383E-027
   1.0753986046751400        4.0842926200218718E-027   4.2793029238682914E-027
  0.72260302358154505        6.9108443548055918E-027   7.8083455763053196E-027
   1.3364147828622555        2.6253017630796936E-027   2.6770071626434545E-027
  0.74279293944472791        6.7030900068928217E-027   7.5970967358967182E-027
   1.3162248669990726        2.5860395960300564E-027   2.5545952182991244E-027
  0.78882610585365076        6.2179086732525399E-027   7.1011223569816184E-027
   1.2701917005901497        2.7133587673673884E-027   2.7951702291295908E-027
  0.85604209169967238        5.6962181371144324E-027   6.4254985927648728E-027
   1.2029757147441282        3.1530380325671191E-027   3.2425223354391996E-027
  0.93876391203170273        5.0739354686689844E-027   5.5832048328336181E-027
   1.1202538944120977        3.7371228380652296E-027   3.8824750711405028E-027
   1.6459979740335164        4.7557572986976640E-027   5.2181250784301762E-027
   1.3457966086220574        2.6443881703340874E-027   2.7379259398509272E-027
   1.9461993394449755        0.0000000000000000        0.0000000000000000     
   1.3793469184718861        3.6190139239018204E-027   3.7876382084406878E-027
   1.9126490295951468        0.0000000000000000        0.0000000000000000     
   1.4365736873029229        4.6683054916903134E-027   4.8322567918384169E-027
   1.8554222607641100        3.4616889045478568E-029   4.3087383186508768E-029
   1.5124062121231294        4.3514797648741752E-027   4.6470853476019662E-027
   1.7795897359439035        2.3503802946596627E-027   2.7729318471950633E-027
   1.6001082725802767        4.5240733096467166E-027   4.9287727163931243E-027
   1.6918876754867562        4.1176451526205302E-027   4.5571595233476675E-027
   1.3390920943931612        2.6306924894025779E-027   2.6941188093683533E-027
   1.9529038536738716        0.0000000000000000        0.0000000000000000     
   1.3592820102563441        2.8757007225786564E-027   3.0092321713446125E-027
   1.9327139378106888        0.0000000000000000        0.0000000000000000     
   1.4053151766652670        4.3321532677725965E-027   4.5337306461115661E-027
   1.8866807714017659        2.0114111634441041E-030   3.6801869669243106E-030
   1.4725311625112885        4.5751220166039432E-027   4.7530635717299324E-027
   1.8194647855557444        1.0249370352611102E-027   1.1951444164890209E-027
   1.5552529828433190        4.2616480598649864E-027   4.6624611121128713E-027
   1.7367429652237139        3.1370310587263145E-027   3.5924243429280152E-027
   1.4918757063306125        4.4506032148417812E-027   4.6941529765937267E-027
   1.3417750236248831        2.6361391745353587E-027   2.7114832559578911E-027
   1.6419763890363419        4.7612146696097931E-027   5.2130322100786927E-027
   1.3585501785497973        2.8522555625227443E-027   2.9846821432582312E-027
   1.6252012341114277        4.7144107504127056E-027   5.1101883178589354E-027
   1.3871635629653158        3.9287442437314221E-027   4.1119668128209626E-027
   1.5965878496959092        4.4966119156234274E-027   4.9083859168393413E-027
   1.4250798253754191        4.6367668932628109E-027   4.8301599209927638E-027
   1.5586715872858059        4.2732176585436820E-027   4.6751402545051479E-027
   1.4689308556039926        4.5912442993272356E-027   4.7640897843163779E-027
   1.5148205570572324        4.3415883234815033E-027   4.6423783490274000E-027
   1.3384227665104349        2.6293406522393620E-027   2.6898207602260567E-027
   1.6453286461507901        4.7607380599604798E-027   5.2224725065676878E-027
   1.3485177244420263        2.6500279525295868E-027   2.7561049116042367E-027
   1.6352336882191987        4.7446094469586354E-027   5.1720228102732568E-027
   1.3715343076464879        3.3049431890626248E-027   3.4587253988790622E-027
   1.6122171050147371        4.6171233561428714E-027   5.0082602498983489E-027
   1.4051423005694985        4.3280382767974207E-027   4.5294286381048252E-027
   1.5786091120917265        4.3719569142828689E-027   4.7899820417141304E-027
   1.4465032107355138        4.6899390232648007E-027   4.8313026342264098E-027
   1.5372482019257112        4.2577028918927338E-027   4.6267016637420134E-027
   1.8001202417364206        1.9530379184071975E-027   2.2894053297339585E-027
   1.6500195590306910        4.7257793916889988E-027   5.1919393366499830E-027
   1.9502209244421502        0.0000000000000000        0.0000000000000000     
   1.6667947139556054        4.5597455536189971E-027   5.0307597509150976E-027
   1.9334457695172358        0.0000000000000000        0.0000000000000000     
   1.6954080983711237        4.0459109709184308E-027   4.4820728249046902E-027
   1.9048323851017175        0.0000000000000000        0.0000000000000000     
   1.7333243607812272        3.2134497729814826E-027   3.6665104594984909E-027
   1.8669161226916140        2.3861211711208368E-029   2.7093880292376227E-029
   1.7771753910098007        2.3924606355050899E-027   2.8149980575262372E-027
   1.8230650924630405        7.0953154498776217E-028   8.2808563433682269E-028
   1.6466673019162430        4.7507740782572696E-027   5.2137745723146360E-027
   1.9535731815565982        0.0000000000000000        0.0000000000000000     
   1.6567622598478344        4.6753225332006898E-027   5.1477883480519261E-027
   1.9434782236250068        0.0000000000000000        0.0000000000000000     
   1.6797788430522957        4.3538174255761099E-027   4.8088119101182138E-027
   1.9204616404205455        0.0000000000000000        0.0000000000000000     
   1.7133868359753066        3.6310867034159879E-027   4.0702595042814943E-027
   1.8868536474975346        1.9647439670827957E-030   3.5973373435817699E-030
   1.7547477461413219        2.8048976370908324E-027   3.2235762270948725E-027
   1.8454927373315193        7.8266565702289394E-029   9.6611849588699673E-029
   1.7230591078849686        3.4416279998174458E-027   3.8867328426584541E-027
   1.6480087665321039        4.7407793493329394E-027   5.2050460505778362E-027
   1.7981094492378333        1.9994680174822816E-027   2.3375306241220984E-027
   1.6563963439945610        4.6780669242921997E-027   5.1501922536664903E-027
   1.7897218717753762        2.1754102366745668E-027   2.5375305256542572E-027
   1.6707030362023203        4.4991458663563654E-027   4.9653528733159116E-027
   1.7754151795676170        2.4234636353330165E-027   2.8459188837201512E-027
   1.6896611674073718        4.1605756334174252E-027   4.6029419717025722E-027
   1.7564570483625654        2.7720983279589251E-027   3.1913105623252148E-027
   1.7115866825216588        3.6670015561240649E-027   4.1048978330220022E-027
   1.7345315332482785        3.1863235179051146E-027   3.6402431628148631E-027
   1.6463326379748797        4.7532659954476213E-027   5.2159502099065341E-027
   1.7997855777950575        1.9607047888623714E-027   2.2973610794682277E-027
   1.6513801169406754        4.7156176162254931E-027   5.1830553145071714E-027
   1.7947380988292618        2.0792981162827051E-027   2.4199782136465809E-027
   1.6628884085429063        4.6205761206921272E-027   5.0963967063826183E-027
   1.7832298072270309        2.2866345344581099E-027   2.6898420214329745E-027
   1.6796924050044117        4.3555268877590185E-027   4.8106315845378817E-027
   1.7664258107655255        2.5859033429105296E-027   3.0070737083209132E-027
   1.7003728600874193        3.9257590021715423E-027   4.3625095086931762E-027
   1.7457453556825180        2.9641764296182524E-027   3.4038998659905379E-027
   1.8771813755878726        9.2245851161049493E-030   1.2616230817049438E-029
   1.8021310342350079        1.9074779900324764E-027   2.2420543814413814E-027
   1.9522317169407373        0.0000000000000000        0.0000000000000000     
   1.8105186116974650        1.5615675038751230E-027   1.8340024346313342E-027
   1.9438441394782802        0.0000000000000000        0.0000000000000000     
   1.8248253039052242        5.9210361863731412E-028   6.9133470547982214E-028
   1.9295374472705209        0.0000000000000000        0.0000000000000000     
   1.8437834351102758        8.9155937177078220E-029   1.1041031538066378E-028
   1.9105793160654694        0.0000000000000000        0.0000000000000000     
   1.8657089502245627        2.5891826464759095E-029   2.8974532401879580E-029
   1.8886538009511824        1.4776944519122200E-030   2.7326642535457680E-030
   1.8004549056777837        1.9453951517657201E-027   2.2814710295605762E-027
   1.9539078454979615        0.0000000000000000        0.0000000000000000     
   1.8055023846435794        1.8329564120247092E-027   2.1643063713041613E-027
   1.9488603665321658        0.0000000000000000        0.0000000000000000     
   1.8170106762458103        1.2655902486978018E-027   1.4759779030302185E-027
   1.9373520749299349        0.0000000000000000        0.0000000000000000     
   1.8338146727073157        2.3294519900016921E-028   2.7914097996346150E-028
   1.9205480784684295        0.0000000000000000        0.0000000000000000     
   1.8544951277903232        3.7693121147618613E-029   4.6665361470195097E-029
   1.8998676233854219        3.2511271914627696E-032   9.9689303478425861E-032
   1.4148145724791603        4.5670613904748746E-027   4.7793079199962769E-027
   1.3397642311262956        2.6320527987997828E-027   2.6984484935553435E-027
   1.4898649138320250        4.4636886750395793E-027   4.7003628707301658E-027
   1.3481518085887527        2.6492667966651778E-027   2.7536466794389501E-027
   1.4814773363695679        4.5180303590297473E-027   4.7260450264408788E-027
   1.3624585007965120        2.9801955095463733E-027   3.1186529409459625E-027
   1.4671706441618086        4.5990985632452799E-027   4.7694566167750068E-027
   1.3814166320015635        3.7081254807067334E-027   3.8809644427986612E-027
   1.4482125129567571        4.6825227012365491E-027   4.8262688730799783E-027
   1.4033421471158505        4.2855167644351156E-027   4.4849743705314316E-027
   1.4262869978424702        4.6400302894873444E-027   4.8303775088616140E-027
   1.3380881025690714        2.6286657746653534E-027   2.6876767864624582E-027
   1.4915410423892492        4.4527826151085534E-027   4.6951879383805284E-027
   1.3431355815348671        2.6389184987019654E-027   2.7203731237911392E-027
   1.4864935634234535        4.4855781488465710E-027   4.7107285063939303E-027
   1.3546438731370980        2.7309424019427196E-027   2.8576541861429629E-027
   1.4749852718212226        4.5598194196428333E-027   4.7456794662096292E-027
   1.3714478695986034        3.3016554110251512E-027   3.4552823563238477E-027
   1.4581812753597172        4.6389227739376289E-027   4.7966205927377944E-027
   1.3921283246816110        4.0335628269793650E-027   4.2215586976760725E-027
   1.4375008202767097        4.6708955406054866E-027   4.8324284038152025E-027
   1.5689368401820645        4.3133459485207579E-027   4.7201837918291829E-027
   1.4938864988291998        4.4374956559734752E-027   4.6879225252507729E-027
   1.6439871815349292        4.7662281326761070E-027   5.2254493086835026E-027
   1.5022740762916569        4.3926361405302896E-027   4.6666068141683895E-027
   1.6355996040724721        4.7455025083191091E-027   5.1742237810776808E-027
   1.5165807684994161        4.3343563653850457E-027   4.6389331419617625E-027
   1.6212929118647128        4.6846049414968376E-027   5.0789683702019697E-027
   1.5355388997044677        4.2638160999933983E-027   4.6267804910918225E-027
   1.6023347806596613        4.5416439752022799E-027   4.9417961086334418E-027
   1.5574644148187546        4.2691182265894533E-027   4.6706476735823840E-027
   1.5804092655453743        4.3830990327880857E-027   4.8032602034496479E-027
   1.4922103702719758        4.4484232024330836E-027   4.6931174453669040E-027
   1.6456633100921532        4.7582479871529199E-027   5.2202991774590260E-027
   1.4972578492377715        4.4154699646723959E-027   4.6774301692780869E-027
   1.6406158311263574        4.7578385398071588E-027   5.2046796588818496E-027
   1.5087661408400022        4.3663315209189890E-027   4.6541416583446139E-027
   1.6291075395241268        4.7297936392649713E-027   5.1355850724408595E-027
   1.5255701373015076        4.2991643022291049E-027   4.6272341135251605E-027
   1.6123035430626214        4.6177548622252178E-027   5.0089221115825906E-027
   1.5462505923845151        4.2317593491608473E-027   4.6297062939519104E-027
   1.5916230879796138        4.4585389383503914E-027   4.8800554007450040E-027
   1.8386508086621465        1.4009050696620940E-028   1.7245754412866352E-028
   1.8011256379857141        1.9301498980017388E-027   2.2656335593272769E-027
   1.8761759793385788        1.0209200327794133E-029   1.3769009154786826E-029
   1.8053194267169428        1.8369921918611531E-027   2.1685407231751848E-027
   1.8719821906073502        1.5277637505045932E-029   1.9144210415472767E-029
   1.8124727728208223        1.4663305684279446E-027   1.7185296532750861E-027
   1.8648288445034706        2.7368720563572954E-029   3.0342356602698852E-029
   1.8219518384233482        7.9524702584786080E-028   9.2787111033488228E-028
   1.8553497789009448        3.4848288854147619E-029   4.3357201316071719E-029
   1.8329145959804916        2.5590899791821283E-028   3.0513464155916887E-028
   1.8443870213438014        8.5152690141012906E-029   1.0533244402194544E-028
   1.8002875737071020        1.9492135254081612E-027   2.2854355007435083E-027
   1.8770140436171909        9.3886165736650800E-030   1.2808277322870129E-029
   1.8028113131899999        1.8922594117402158E-027   2.2262087970210421E-027
   1.8744903041342931        1.1854927420634623E-029   1.5695811137867441E-029
   1.8085654589911153        1.6624666275520227E-027   1.9565975812606364E-027
   1.8687361583331776        2.0788994693131409E-029   2.4248549140420628E-029
   1.8169674572218679        1.2673752734320017E-027   1.4781293389269981E-027
   1.8603341601024250        2.1982607188156185E-029   2.8155705579391893E-029
   1.8273076847633718        4.5818850064437378E-028   5.3530338122203156E-028
   1.8499939325609212        5.5402250627551127E-029   6.7803858379751607E-029
   1.9157119425135987        0.0000000000000000        0.0000000000000000     
   1.8781867718371663        8.2376878694966345E-030   1.1460780694040494E-029
   1.9532371131900310        0.0000000000000000        0.0000000000000000     
   1.8823805605683948        4.0963333676316451E-030   6.6121213376093430E-030
   1.9490433244588026        0.0000000000000000        0.0000000000000000     
   1.8895339066722745        1.2388372587951444E-030   2.3086141707168485E-030
   1.9418899783549228        0.0000000000000000        0.0000000000000000     
   1.8990129722748004        3.9852338392448206E-032   1.2219921345317157E-031
   1.9324109127523970        0.0000000000000000        0.0000000000000000     
   1.9099757298319437        0.0000000000000000        0.0000000000000000     
   1.9214481551952536        0.0000000000000000        0.0000000000000000     
   1.8773487075585542        9.0604904456866505E-030   1.2424110302201972E-029
   1.9540751774686431        0.0000000000000000        0.0000000000000000     
   1.8798724470414521        6.5778935019565231E-030   9.5175088764984505E-030
   1.9515514379857453        0.0000000000000000        0.0000000000000000     
   1.8856265928425675        2.2955807005762050E-030   4.1846813645423004E-030
   1.9457972921846298        0.0000000000000000        0.0000000000000000     
   1.8940285910733201        8.2379298746344322E-032   2.5259961943750584E-031
   1.9373952939538772        0.0000000000000000        0.0000000000000000     
   1.9043688186148240        0.0000000000000000        0.0000000000000000     
   1.9270550664123733        0.0000000000000000        0.0000000000000000     
   1.6845285409592425        4.2603944205035307E-027   4.7093260869403069E-027
   1.6470033702828102        4.7482710867292054E-027   5.2115890311226362E-027
   1.7220537116356749        3.4610449853617898E-027   3.9056052593453900E-027
   1.6511971590140386        4.7169846770777373E-027   5.1842507072015571E-027
   1.7178599229044464        3.5427313396384501E-027   3.9848405778372666E-027
   1.6583505051179184        4.6634024852632175E-027   5.1373438221150912E-027
   1.7107065768005667        3.6846349792500260E-027   4.1218872271738111E-027
   1.6678295707204442        4.5436740060677664E-027   5.0134151587391290E-027
   1.7012275111980408        3.9053024715629062E-027   4.3421158928039537E-027
   1.6787923282775876        4.3733471079427067E-027   4.8295991686261902E-027
   1.6902647536408975        4.1489153280487018E-027   4.5905087470379644E-027
   1.6461653060041981        4.7545117238686159E-027   5.2170377403285771E-027
   1.7228917759142870        3.4448551837311667E-027   3.8898705404163246E-027
   1.6486890454870959        4.7357071098978290E-027   5.2006149618787784E-027
   1.7203680364313891        3.4937442286942452E-027   3.9373542157519379E-027
   1.6544431912882114        4.6927037784750041E-027   5.1630083092799265E-027
   1.7146138906302737        3.6067230829017192E-027   4.0467347417684357E-027
   1.6628451895189640        4.6212505876455410E-027   5.0971243584157593E-027
   1.7062118923995211        3.7873255038408844E-027   4.2242847334936769E-027
   1.6731854170604679        4.4607948553357902E-027   4.9239496525636290E-027
   1.6958716648580172        4.0345970397375524E-027   4.4708301045683617E-027
   1.7615896748106947        2.6751490407789100E-027   3.0956123370206056E-027
   1.7240645041342624        3.4222753224278545E-027   3.8679081965511577E-027
   1.7991148454871271        1.9761434807056164E-027   2.3133706866517389E-027
   1.7282582928654910        3.3289782499657536E-027   3.7780077453338844E-027
   1.7949210567558984        2.0749013582807077E-027   2.4154468551269253E-027
   1.7354116389693706        3.1666441021284692E-027   3.6211656492276712E-027
   1.7877677106520189        2.2084814487882170E-027   2.5826840753753764E-027
   1.7448907045718964        2.9793331752332260E-027   3.4214360461976205E-027
   1.7782886450494930        2.3729936835193553E-027   2.7955516985130165E-027
   1.7558534621290398        2.7836510540140917E-027   3.2026815975944586E-027
   1.7673258874923496        2.5694759330702517E-027   2.9907532643490938E-027
   1.7232264398556503        3.4384025972569572E-027   3.8835964681583087E-027
   1.7999529097657392        1.9568683373590551E-027   2.2933805211146168E-027
   1.7257501793385481        3.3871876353674222E-027   3.8339624574092851E-027
   1.7974291702828413        2.0153749797730329E-027   2.3539887814189592E-027
   1.7315043251396636        3.2546400935613738E-027   3.7063322402579659E-027
   1.7916750244817259        2.1427052503346965E-027   2.4929909435331214E-027
   1.7399063233704162        3.0686739723905269E-027   3.5248158178788272E-027
   1.7832730262509733        2.2858812229747751E-027   2.6888061425765430E-027
   1.7502465509119201        2.8851338793018460E-027   3.3124595321514757E-027
   1.7729327987094694        2.4676520846946872E-027   2.8898869261872679E-027
   1.5304062732563386        4.2820807479875479E-027   4.6270153428039862E-027
   1.4928811025799062        4.4440521889068699E-027   4.6910403224316107E-027
   1.5679314439327710        4.3073727773568608E-027   4.7130751445469890E-027
   1.4970748913111349        4.4166668371927713E-027   4.6780010604348315E-027
   1.5637376552015423        4.2905898257288133E-027   4.6941785502029095E-027
   1.5042282374150144        4.3847429959046524E-027   4.6628707924113945E-027
   1.5565843090976628        4.2661391237734347E-027   4.6673828696077475E-027
   1.5137073030175403        4.3461533006769353E-027   4.6445514038465960E-027
   1.5471052434951369        4.2345613686956896E-027   4.6327769899878165E-027
   1.5246700605746837        4.3023303186390001E-027   4.6272745629286925E-027
   1.5361424859379935        4.2616591593552373E-027   4.6267526909708224E-027
   1.4920430383012941        4.4495132851145015E-027   4.6936352821688939E-027
   1.5687695082113831        4.3123502764745402E-027   4.7189987865650683E-027
   1.4945667777841920        4.4330562094426300E-027   4.6858100181804051E-027
   1.5662457687284852        4.2992921680702035E-027   4.7037155651246938E-027
   1.5003209235853074        4.4005039053032053E-027   4.6703271190281863E-027
   1.5604916229273698        4.2794273753694134E-027   4.6819455174025631E-027
   1.5087229218160600        4.3665074138409350E-027   4.6542251480975484E-027
   1.5520896246966172        4.2510507098532544E-027   4.6508475096622220E-027
   1.5190631493575639        4.3241280039445074E-027   4.6340550404777070E-027
   1.5417493971551133        4.2415314991139331E-027   4.6264925997113961E-027
   1.6074674071077903        4.5827461052880219E-027   4.9722259072524659E-027
   1.5699422364313580        4.3193412756712717E-027   4.7273196739294939E-027
   1.6449925777842227        4.7632379620313739E-027   5.2246541809028327E-027
   1.5741360251625867        4.3445906850854222E-027   4.7573820555011532E-027
   1.6407987890529940        4.7582917827014633E-027   5.2058005485935824E-027
   1.5812893712664662        4.3885736865006217E-027   4.8097854806999613E-027
   1.6336454429491145        4.7407437932797024E-027   5.1625018371486555E-027
   1.5907684368689921        4.4520610736414406E-027   4.8752274765788556E-027
   1.6241663773465886        4.7064741075997895E-027   5.1018757735552931E-027
   1.6017311944261354        4.5368650839634814E-027   4.9382555853000341E-027
   1.6132036197894453        4.6243433354805442E-027   5.0158271011258854E-027
   1.5691041721527459        4.3143422342915903E-027   4.7213695515022951E-027
   1.6458306420628348        4.7570027198279823E-027   5.2192122241580762E-027
   1.5716279116356437        4.3294432015314889E-027   4.7393453586749091E-027
   1.6433069025799369        4.7645288188440695E-027   5.2212386862359982E-027
   1.5773820574367592        4.3644045978246723E-027   4.7809835637647895E-027
   1.6375527567788215        4.7502850171217334E-027   5.1860192736435204E-027
   1.5857840556675118        4.4168143514873824E-027   4.8434570302157989E-027
   1.6291507585480689        4.7298972710861390E-027   5.1358394438882304E-027
   1.5961242832090157        4.4930247573249523E-027   4.9057199498928952E-027
   1.6188105310065650        4.6659094562570300E-027   5.0593824542246416E-027
   1.3762840055534342        3.4917948490782923E-027   3.6544047492943029E-027
   1.3387588348770019        2.6300190600500630E-027   2.6919771174512447E-027
   1.4138091762298666        4.5413592736141883E-027   4.7524391035747826E-027
   1.3429526236082305        2.6385440778584888E-027   2.7191743616937434E-027
   1.4096153874986379        4.4363221966537659E-027   4.6426324190412450E-027
   1.3501059697121101        2.6533417123155095E-027   2.7668243862105693E-027
   1.4024620413947584        4.2649434908302875E-027   4.4634658042511384E-027
   1.3595850353146359        2.8854765034657986E-027   3.0194686813832866E-027
   1.3929829757922325        4.0520101079131147E-027   4.2408457364577435E-027
   1.3705477928717793        3.2676520601260728E-027   3.4196733392503144E-027
   1.3820202182350891        3.7346054108613019E-027   3.9086970731068257E-027
   1.3379207705983898        2.6283285957600422E-027   2.6866060593975515E-027
   1.4146472405084787        4.5627694837978489E-027   4.7748212011469355E-027
   1.3404445100812876        2.6334324501849996E-027   2.7028445574665098E-027
   1.4121235010255808        4.4987222020209756E-027   4.7078662542113198E-027
   1.3461986558824031        2.6452184753254727E-027   2.7405971811530141E-027
   1.4063693552244654        4.3573665185681127E-027   4.5600896899125259E-027
   1.3546006541131557        2.7296354356787506E-027   2.8562856716550494E-027
   1.3979673569937128        4.1620367178412280E-027   4.3558791083459168E-027
   1.3649408816546595        3.0650515554036971E-027   3.2075110574326021E-027
   1.3876271294522089        3.9383647978325538E-027   4.1220255993520802E-027
   1.4533451394048864        4.6601484125674528E-027   4.8110660124792969E-027
   1.4158199687284541        4.5929690464588896E-027   4.8063914472015732E-027
   1.4908703100813188        4.4571487160830360E-027   4.6972604914490458E-027
   1.4200137574596825        4.6231947627072817E-027   4.8292534549692458E-027
   1.4866765213500903        4.4843918563821681E-027   4.7101674579204703E-027
   1.4271671035635622        4.6424166899618470E-027   4.8305365321409542E-027
   1.4795231752462106        4.5306343973970567E-027   4.7319774640403060E-027
   1.4366461691660881        4.6685077269318030E-027   4.8322701947884372E-027
   1.4700441096436847        4.5862673321391708E-027   4.7606873919186204E-027
   1.4476089267232315        4.6851435349900161E-027   4.8280480508317097E-027
   1.4590813520865413        4.6349569780965972E-027   4.7939191132642549E-027
   1.4149819044498420        4.5713589905831850E-027   4.7838005863318450E-027
   1.4917083743599309        4.4516929915335700E-027   4.6946705286585491E-027
   1.4175056439327398        4.6165483668003637E-027   4.8288086414218271E-027
   1.4891846348770330        4.4681106398633040E-027   4.7024591153631191E-027
   1.4232597897338553        4.6318681503340496E-027   4.8298330266946364E-027
   1.4834304890759176        4.5054113015676927E-027   4.7200963990491712E-027
   1.4316617879646079        4.6546990680545360E-027   4.8313537883088036E-027
   1.4750284908451650        4.5595420168861143E-027   4.7455494563807717E-027
   1.4420020155061117        4.6835696893832980E-027   4.8332668879095152E-027
   1.4646882633036611        4.6101439303433791E-027   4.7769986461917240E-027
   1.8193855251992836        1.0332339084081943E-027   1.2047959893217495E-027
   1.8006229398610676        1.9415668048827974E-027   2.2774953083428112E-027
   1.8381481105374997        1.4773364601975168E-028   1.8135531050258849E-028
   1.8027198342266819        1.8943001914677643E-027   2.2283345022645087E-027
   1.8360512161718854        1.8425797395342033E-028   2.2355915536303974E-028
   1.8062965072786217        1.7872633810850200E-027   2.1085722429317822E-027
   1.8324745431199456        2.6792774117732029E-028   3.1868919657772174E-028
   1.8110360400798844        1.5358065316969468E-027   1.8027439351647943E-027
   1.8277350103186829        4.3834000729452506E-028   5.1216831783351340E-028
   1.8165174188584561        1.2861022322032938E-027   1.5007064541937678E-027
   1.8222536315401112        7.7105856541278834E-028   8.9971489149726155E-028
   1.8002039077217615        1.9511249690758934E-027   2.2874197452263718E-027
   1.8385671426768058        1.4133518984420656E-028   1.7390826078590590E-028
   1.8014657774632103        1.9224555595720069E-027   2.2576348898196631E-027
   1.8373052729353569        1.6147323118524098E-028   1.9728981956461776E-028
   1.8043428503637682        1.8583547066939603E-027   2.1908544939768445E-027
   1.8344282000347991        2.1846038000793833E-028   2.6267580613178840E-028
   1.8085438494791444        1.6636160605164103E-027   1.9579956368580979E-027
   1.8302272009194229        3.3845142845947398E-028   3.9761994506554407E-028
   1.8137139632498964        1.4086721183925369E-027   1.6487408182537842E-027
   1.8250570871486709        5.7813252854737431E-028   6.7506057284608159E-028
   1.8579160921250095        2.7506887088904353E-029   3.4737163847563578E-029
   1.8391535067867932        1.3283462000752955E-028   1.6398677060050448E-028
   1.8766786774632258        9.7171776462264788E-030   1.3192953572613172E-029
   1.8412504011524076        1.0803873298608410E-028   1.3443464102709207E-028
   1.8745817830976115        1.1765780204712992E-029   1.5591438406099716E-029
   1.8448270742043473        8.2344515719360462E-029   1.0177396989210810E-028
   1.8710051100456717        1.6940933932507085E-029   2.0684670972830810E-029
   1.8495666070056103        5.7258419457506030E-029   7.0132909453368476E-029
   1.8662655772444088        2.4956211591786186E-029   2.8108013491060857E-029
   1.8550479857841820        3.5828087311731295E-029   4.4498430253899546E-029
   1.8607841984658371        2.1081365054811443E-029   2.7072689612789923E-029
   1.8387344746474872        1.3885654886893563E-028   1.7101865311888061E-028
   1.8770977096025319        9.3066087449700522E-030   1.2712263319305911E-029
   1.8399963443889362        1.2148578025312389E-028   1.5068791822783224E-028
   1.8758358398610828        1.0541793605281055E-029   1.4158406272576882E-029
   1.8428734172894938        9.5538643637728416E-029   1.1851800939156229E-028
   1.8729587669605252        1.3611455983313112E-029   1.7601077830533607E-029
   1.8470744164048702        6.9346987661585592E-029   8.5344677948355589E-029
   1.8687577678451488        2.0752440478169667E-029   2.4214694485637472E-029
   1.8522445301756221        4.6311436804466071E-029   5.6596099136730395E-029
   1.8635876540743970        2.9446466083441371E-029   3.2266658830937368E-029
   1.6652632574963795        4.5835631189728059E-027   5.0564614739795178E-027
   1.6465006721581632        4.7520148848451628E-027   5.2148579221581865E-027
   1.6840258428345958        4.2702345045445986E-027   4.7198084526439926E-027
   1.6485975665237775        4.7363893340758821E-027   5.2012110067205365E-027
   1.6819289484689814        4.3114020167312057E-027   4.7636535822369316E-027
   1.6521742395757173        4.7096818557262939E-027   5.1778641130430548E-027
   1.6783522754170417        4.3813247558893367E-027   4.8381299726720700E-027
   1.6569137723769802        4.6741859746854327E-027   5.1467927132878068E-027
   1.6736127426157787        4.4542040227769677E-027   4.9168334988812852E-027
   1.6623951511555519        4.6282756508080869E-027   5.1047032447942145E-027
   1.6681313638372071        4.5389905748585958E-027   5.0083604956306196E-027
   1.6460816400188572        4.7551345304888131E-027   5.2175814334227669E-027
   1.6844448749739018        4.2620313588754931E-027   4.7110699322852261E-027
   1.6473435097603062        4.7457371454875815E-027   5.2093762256204802E-027
   1.6831830052324528        4.2867580209511807E-027   4.7374085236159085E-027
   1.6502205826608638        4.7242786079638165E-027   5.1906275091538417E-027
   1.6803059323318952        4.3434004844525857E-027   4.7977228092558664E-027
   1.6544215817762402        4.6928656067575724E-027   5.1631499606999280E-027
   1.6761049332165188        4.4158311404904374E-027   4.8753975283043598E-027
   1.6595916955469920        4.6540780085554932E-027   5.1291697705940745E-027
   1.6709348194457669        4.4955603720958186E-027   4.9614823514140333E-027
   1.7037938244221056        3.8442766940939708E-027   4.2812120815495379E-027
   1.6850312390838893        4.2505656542333211E-027   4.6988549018627459E-027
   1.7225564097603219        3.4513284565437753E-027   3.8961630853440361E-027
   1.6871281334495036        4.2096894829910995E-027   4.6552975829830599E-027
   1.7204595153947075        3.4919650589021431E-027   3.9356278171523714E-027
   1.6907048065014434        4.1404246394164229E-027   4.5814544449231465E-027
   1.7168828423427678        3.5619231365376034E-027   4.0034194809573780E-027
   1.6954443393027063        4.0450257583067796E-027   4.4811933009184178E-027
   1.7121433095415048        3.6558744420131690E-027   4.0941712741763241E-027
   1.7009257180812780        3.9125184423372810E-027   4.3493109252819261E-027
   1.7066619307629332        3.7767848570466146E-027   4.2137388540310878E-027
   1.6846122069445832        4.2587577956364999E-027   4.7075825513013646E-027
   1.7229754418996279        3.4432413691165195E-027   3.8883015261562616E-027
   1.6858740766860323        4.2341119042007928E-027   4.6813237518693654E-027
   1.7217135721581789        3.4676285719047640E-027   3.9120008578468911E-027
   1.6887511495865899        4.1781868988961127E-027   4.6217182314764645E-027
   1.7188364992576213        3.5236099284536844E-027   3.9663158928511830E-027
   1.6929521487019663        4.0972001711736590E-027   4.5353502660831934E-027
   1.7146355001422449        3.6062948711781738E-027   4.0463210765557184E-027
   1.6981222624727181        3.9799469840162784E-027   4.4164780513399360E-027
   1.7094653863714930        3.7115387018655991E-027   4.1483923945989973E-027
   1.7423243913478317        3.0251305536368538E-027   3.4744271411126984E-027
   1.7235618060096154        3.4319436201489067E-027   3.8773145426304712E-027
   1.7610869766860480        2.6845426570996297E-027   3.1049064311164829E-027
   1.7256587003752297        3.3893234436061561E-027   3.8360127460373055E-027
   1.7589900823204336        2.7239641468068445E-027   3.1438591575407467E-027
   1.7292353734271695        3.3064837034721666E-027   3.7563448042954474E-027
   1.7554134092684939        2.7920938969299856E-027   3.2109873378882187E-027
   1.7339749062284324        3.1988122272576214E-027   3.6523406157331371E-027
   1.7506738764672309        2.8776983514454521E-027   3.3038587053540811E-027
   1.7394562850070041        3.0772574093004197E-027   3.5342842054257758E-027
   1.7451924976886592        2.9739756255676487E-027   3.4152373462060738E-027
   1.7231427738703093        3.4400150758566941E-027   3.8851644899750849E-027
   1.7615060088253540        2.6767109268081969E-027   3.0971580024263166E-027
   1.7244046436117584        3.4157426088905781E-027   3.8615503884933198E-027
   1.7602441390839050        2.7003417628971012E-027   3.1205275449752837E-027
   1.7272817165123160        3.3515630757444409E-027   3.7997352755043667E-027
   1.7573670661833474        2.7547409038054269E-027   3.1742132091571133E-027
   1.7314827156276924        3.2551312667564751E-027   3.7068066307683813E-027
   1.7531660670679710        2.8345703661065366E-027   3.2539749883059579E-027
   1.7366528293984442        3.1390300593571423E-027   3.5943657905048019E-027
   1.7479959532972191        2.9244905158775965E-027   3.3579869179975157E-027
   1.7808549582735576        2.3282951048906964E-027   2.7472188387695986E-027
   1.7620923729353415        2.6657774717524966E-027   3.0863353475955441E-027
   1.7996175436117736        1.9645634173559580E-027   2.3013637477520740E-027
   1.7641892673009558        2.6269235204999179E-027   3.0478229271034606E-027
   1.7975206492461593        2.0132300387241389E-027   2.3517703863413184E-027
   1.7677659403528956        2.5613829219978796E-027   2.9827588165401904E-027
   1.7939439761942195        2.0984686579337642E-027   2.4397228400545747E-027
   1.7725054731541583        2.4753139576093714E-027   2.8974983932187840E-027
   1.7892044433929568        2.1841328543113174E-027   2.5494287009017410E-027
   1.7779868519327300        2.3782602163358358E-027   2.8008150373517145E-027
   1.7837230646143851        2.2780473050145430E-027   2.6780371420421254E-027
   1.7616733407960354        2.6735877654649124E-027   3.0940671454183423E-027
   1.8000365757510797        1.9549523742266673E-027   2.2913922548390980E-027
   1.7629352105374843        2.6501142725040798E-027   3.0708196723676982E-027
   1.7987747060096309        1.9840099134080772E-027   2.3215224993502509E-027
   1.7658122834380421        2.5971127518592547E-027   3.0182183047968982E-027
   1.7958976331090730        2.0515585445395369E-027   2.3913709428386399E-027
   1.7700132825534183        2.5203219771481455E-027   2.9421386647164719E-027
   1.7916966339936968        2.1423453520709391E-027   2.4925014484760138E-027
   1.7751833963241703        2.4275664777984884E-027   2.8500063458095144E-027
   1.7865265202229448        2.2296688356107185E-027   2.6116723512276188E-027
  0.87538663551899609        5.5511441253217294E-027   6.2288368519278832E-027
  0.72528595281326647        6.8834297957991431E-027   7.7805072015970401E-027
   1.0254873182247257        4.4375656090225351E-027   4.7328145512845137E-027
  0.74206110773818090        6.7106778374196551E-027   7.6048237641835653E-027
   1.0087121632998113        4.5521455213068077E-027   4.8844651858317567E-027
  0.77067449215369932        6.4109977188767211E-027   7.2989607646942523E-027
  0.98009877888429286        4.7605919352311064E-027   5.1618468882969738E-027
  0.80859075456380258        6.0401272451636771E-027   6.8957746280162575E-027
  0.94218251647418960        5.0484022504159370E-027   5.5486393561910067E-027
  0.85244178479237620        5.7229155598323285E-027   6.4618022409420244E-027
  0.89833148624561598        5.3756333371783088E-027   5.9923213077746156E-027
  0.72193369569881838        6.9176742105097854E-027   7.8152792736316979E-027
   1.0288395753391737        4.4144908048123338E-027   4.7023856574814883E-027
  0.73202865363040992        6.8142677195145952E-027   7.7102258135614207E-027
   1.0187446174075823        4.4838010184578726E-027   4.7938983517033823E-027
  0.75504523683487135        6.5754413435311538E-027   7.4669724658490564E-027
  0.99572803420312084        4.6397719368339453E-027   5.0010557012240321E-027
  0.78865322975788210        6.2197576953575697E-027   7.1030197854392412E-027
  0.96212004128011008        4.8980880802811731E-027   5.3459756043105109E-027
  0.83001413992389739        5.8870179719392850E-027   6.6857095201063148E-027
  0.92075913111409480        5.2071953722785603E-027   5.7642537166447071E-027
   1.1836311709248042        3.2965899934227818E-027   3.3648046876737794E-027
   1.0335304882190748        4.3821053358032389E-027   4.6597423593983192E-027
   1.3337318536305336        2.6199439392235293E-027   2.6600731294376976E-027
   1.0503056431439890        4.2654057396610657E-027   4.5067016951879500E-027
   1.3169566987056194        2.5874210063982967E-027   2.5588364237638663E-027
   1.0789190275595075        4.0572425349132732E-027   4.2482641134959546E-027
   1.2883433142901008        2.6498510964366998E-027   2.6922832179843911E-027
   1.1168352899696108        3.7637431561355661E-027   3.9127825529562939E-027
   1.2504270518799976        2.8285652744398728E-027   2.9326747720686430E-027
   1.1606863201981843        3.4532153405474724E-027   3.5493284286131004E-027
   1.2065760216514241        3.1262113337782441E-027   3.2200243297488034E-027
   1.0301782311046266        4.4052602640106019E-027   4.6902238334397390E-027
   1.3370841107449818        2.6266452958287996E-027   2.6812649893863728E-027
   1.0402731890362180        4.3353620488258385E-027   4.5983253344391860E-027
   1.3269891528133904        2.6066712822545617E-027   2.6184364617522588E-027
   1.0632897722406796        4.1741786457368645E-027   4.3877543070904017E-027
   1.3039725696089288        2.6137884618541526E-027   2.6137363633705598E-027
   1.0968977651636902        3.9185234240441786E-027   4.0894030032645751E-027
   1.2703645766859182        2.7123492528714522E-027   2.7939692614648631E-027
   1.1382586753297055        3.6051638999184655E-027   3.7295485169039284E-027
   1.2290036665199029        2.9593487505392897E-027   3.0792683945774231E-027
   1.8097528834678522        1.6004273217883102E-027   1.8811876956593693E-027
   1.8003715907987441        1.9472955746453653E-027   2.2834442772258097E-027
   1.8191341761369604        1.0599813071965114E-027   1.2359094099458323E-027
   1.8014200379815513        1.9234888007371163E-027   2.2587092112649667E-027
   1.8180857289541532        1.1790394469955096E-027   1.3743795475900045E-027
   1.8032083745075211        1.8834219702607187E-027   2.2170005560398529E-027
   1.8162973924281833        1.2953512522107914E-027   1.5118610870224167E-027
   1.8055781409081526        1.8285511722245801E-027   2.1589310319776602E-027
   1.8139276260275519        1.3989616672479720E-027   1.6369967409742170E-027
   1.8083188302974385        1.6756289729477447E-027   1.9726088743229571E-027
   1.8111869366382660        1.5283685593341255E-027   1.7937219094025581E-027
   1.8001620747290912        1.9520812554820634E-027   2.2884123699412683E-027
   1.8193436922066133        1.0376393616222057E-027   1.2099206825234497E-027
   1.8007930095998155        1.9376982487792482E-027   2.2734769174816728E-027
   1.8187127573358890        1.1063527553030175E-027   1.2898457420355398E-027
   1.8022315460500944        1.9052232540288329E-027   2.2397076670048876E-027
   1.8172742208856101        1.2547558413624460E-027   1.4629217045041962E-027
   1.8043320456077827        1.8585921737305128E-027   2.1911023694703929E-027
   1.8151737213279218        1.3435573450533684E-027   1.5700419922809003E-027
   1.8069171024931585        1.7522929511477263E-027   2.0659491392766503E-027
   1.8125886644425460        1.4608555749690068E-027   1.7118988095155256E-027
   1.8290181669307151        3.8365858321189375E-028   4.4841931433828547E-028
   1.8196368742616071        1.0071465475030247E-027   1.1744484982737644E-027
   1.8383994595998230        1.4386243260917120E-028   1.7685176497380020E-028
   1.8206853214444141        9.0510117058570790E-028   1.0557203988769385E-027
   1.8373510124170160        1.6069654920034353E-028   1.9639103595488827E-028
   1.8224736579703842        7.5387844456588292E-028   8.7971535269027572E-028
   1.8355626758910459        1.9396072604721718E-028   2.3469230267265824E-028
   1.8248434243710154        5.9099958981840800E-028   6.9004871831218320E-028
   1.8331929094904147        2.4858158840545517E-028   2.9685442900230653E-028
   1.8275841137603013        4.4525092105966331E-028   5.2022383782282696E-028
   1.8304522201011288        3.3064294299490557E-028   3.8892716811558919E-028
   1.8194273581919540        1.0288467375338923E-027   1.1996925115508348E-027
   1.8386089756694761        1.4071150213314238E-028   1.7318141834179720E-028
   1.8200582930626785        9.6484520427289798E-028   1.1252352409116875E-027
   1.8379780407987516        1.5041062406646657E-028   1.8446588597443367E-028
   1.8214968295129574        8.3312383774057025E-028   9.7195697742661367E-028
   1.8365395043484727        1.7503512818528493E-028   2.1294783458126927E-028
   1.8235973290706455        6.7181052600848140E-028   7.8416389153416148E-028
   1.8344390047907846        2.1821335240841856E-028   2.6239451359141265E-028
   1.8261823859560213        5.1475575377516300E-028   6.0122443598672457E-028
   1.8318539479054088        2.8582034828366214E-028   3.3880900701769141E-028
   1.8482834503935779        6.3201907508917367E-029   7.7602920743139603E-029
   1.8389021577244697        1.3641537909868010E-028   1.6817005651760134E-028
   1.8576647430626860        2.8153397712973425E-029   3.5501609901558295E-029
   1.8399506049072769        1.2207654403531199E-028   1.5138176458174949E-028
   1.8566162958798789        3.1013692634249345E-029   3.8870763825147979E-029
   1.8417389414332468        1.0411817307074191E-028   1.2943731741669997E-028
   1.8548279593539090        3.6559298846444956E-029   4.5348831887958794E-029
   1.8441087078338783        8.6976441293179428E-029   1.0764504058643969E-028
   1.8524581929532775        4.5416994119902137E-029   5.5571263925083606E-029
   1.8468493972231641        7.0552949340438425E-029   8.6866035914351023E-029
   1.8497175035639917        5.6596184071537994E-029   6.9301742901498663E-029
   1.8386926416548168        1.3947219298275713E-028   1.7173662631590201E-028
   1.8578742591323389        2.7613474941134617E-029   3.4863272526214490E-029
   1.8393235765255411        1.3046410612517060E-028   1.6121409551481265E-028
   1.8572433242616146        2.9270749098562321E-029   3.6820195926566301E-029
   1.8407621129758200        1.1210012784861632E-028   1.3961623057077408E-028
   1.8558047878113357        3.3420261224585001E-029   4.1690252461781045E-029
   1.8428626125335084        9.5617025473310167E-029   1.1861766022356850E-028
   1.8537042882536474        4.0526440639117532E-029   4.9944518370687197E-029
   1.8454476694188842        7.8536362431724154E-029   9.6953172286638856E-029
   1.8511192313682716        5.0789222598525094E-029   6.2024137650213897E-029
   1.8675487338564412        2.2794824670914599E-029   2.6106246851139426E-029
   1.8581674411873330        2.6874861393482965E-029   3.3988750067501574E-029
   1.8769300265255493        9.4709526534660316E-030   1.2904675639778027E-029
   1.8592158883701402        2.4387832961975046E-029   3.1032679886043144E-029
   1.8758815793427421        1.0497084039258029E-029   1.4106060728257527E-029
   1.8610042248961101        2.0653959889659879E-029   2.6558066794211822E-029
   1.8740932428167723        1.2241650306393329E-029   1.6148582697881340E-029
   1.8633739912967415        2.9803537623334853E-029   3.2597360330850168E-029
   1.8717234764161408        1.5718414206959905E-029   1.9552435379279885E-029
   1.8661146806860274        2.5209966823619710E-029   2.8343028681022780E-029
   1.8689827870268549        2.0371694466555923E-029   2.3862066894079648E-029
   1.8579579251176801        2.7400700457095951E-029   3.4611499251725155E-029
   1.8771395425952022        9.2655989057490358E-030   1.2664249380736980E-029
   1.8585888599884044        2.5846825214047196E-029   3.2769016661955030E-029
   1.8765086077244779        9.8836994842383229E-030   1.3387915792718362E-029
   1.8600273964386833        2.2618350132919174E-029   2.8917985029272454E-029
   1.8750700712741990        1.1289620473516107E-029   1.5033955018772259E-029
   1.8621278959963716        1.8599631360160200E-029   2.4074879827847782E-029
   1.8729695717165107        1.3593000531914988E-029   1.7583985330076276E-029
   1.8647129528817474        2.7562973896753421E-029   3.0522264160341230E-029
   1.8703845148311349        1.7995439340078536E-029   2.1661300250129317E-029
   1.6556306157649479        4.6838076581552537E-027   5.1552198260530243E-027
   1.6462493230958397        4.7538862649855960E-027   5.2164917172301898E-027
   1.6650119084340560        4.5874759804992050E-027   5.0606835940512124E-027
   1.6472977702786469        4.7460779282367300E-027   5.2096738337657365E-027
   1.6639634612512488        4.6038091787008127E-027   5.0783068599374917E-027
   1.6490861068046168        4.7327454129533585E-027   5.1980271863335496E-027
   1.6621751247252790        4.6317114791688723E-027   5.1084098462043941E-027
   1.6514558732052482        4.7150515131551738E-027   5.1825602788793392E-027
   1.6598053583246475        4.6524720565206308E-027   5.1277616181968336E-027
   1.6541965625945341        4.6945505727525389E-027   5.1646247846516388E-027
   1.6570646689353616        4.6730539174127536E-027   5.1458009724551763E-027
   1.6460398070261868        4.7554459193954845E-027   5.2178532619377451E-027
   1.6652214245037089        4.5842142770561996E-027   5.0571641027286410E-027
   1.6466707418969111        4.7507484608789658E-027   5.2137522051390293E-027
   1.6645904896329846        4.5940388004357088E-027   5.0677649389530467E-027
   1.6481092783471900        4.7400300799090862E-027   5.2043915527422571E-027
   1.6631519531827057        4.6164639770469646E-027   5.0919602494551549E-027
   1.6502097779048783        4.7243592786597904E-027   5.1906980251690992E-027
   1.6610514536250174        4.6431013506630730E-027   5.1195430875306697E-027
   1.6527948347902541        4.7050407982476570E-027   5.1738042803606830E-027
   1.6584663967396416        4.6625321845990406E-027   5.1365810379187948E-027
   1.6748958992278111        4.4344329743001778E-027   4.8954852196077423E-027
   1.6655146065587030        4.5796513325633255E-027   5.0522404352043833E-027
   1.6842771918969193        4.2653130486312994E-027   4.7145658731546389E-027
   1.6665630537415101        4.5633458101399780E-027   5.0346450041779956E-027
   1.6832287447141121        4.2858605010677821E-027   4.7364525909589540E-027
   1.6683513902674800        4.5355770485290965E-027   5.0046763244798601E-027
   1.6814404081881422        4.3210214858722217E-027   4.7738965290366070E-027
   1.6707211566681115        4.4988655237583577E-027   4.9650502474105446E-027
   1.6790706417875108        4.3678330761741666E-027   4.8237304128957523E-027
   1.6734618460573973        4.4565309952831655E-027   4.9193459685942946E-027
   1.6763299523982249        4.4123719826023068E-027   4.8716618596438825E-027
   1.6653050904890501        4.5829119906704015E-027   5.0557588751825538E-027
   1.6844867079665722        4.2612128505052087E-027   4.7101979709038466E-027
   1.6659360253597744        4.5730951400071277E-027   5.0451657557765308E-027
   1.6838557730958479        4.2735661011099223E-027   4.7233573106283372E-027
   1.6673745618100533        4.5507381189888208E-027   5.0210389926499722E-027
   1.6824172366455690        4.3017981273104916E-027   4.7534263987425718E-027
   1.6694750613677416        4.5181573404220123E-027   4.9858745322180204E-027
   1.6803167370878807        4.3431870773017197E-027   4.7974956218064434E-027
   1.6720601182531174        4.4781663968061553E-027   4.9427046888130303E-027
   1.6777316802025048        4.3908443485059510E-027   4.8484119538852375E-027
   1.7326917496164000        3.2277268692619299E-027   3.6803219307805985E-027
   1.7233104569472919        3.4367838000435614E-027   3.8820221991053864E-027
   1.7420730422855082        3.0296390373566588E-027   3.4796441312040093E-027
   1.7243589041300991        3.4166206520125614E-027   3.8624050213384346E-027
   1.7410245951027010        3.0484894533298937E-027   3.5014575125955106E-027
   1.7261472406560689        3.3779276206414631E-027   3.8250709488387848E-027
   1.7392362585767311        3.0820756131569230E-027   3.5389770497016810E-027
   1.7285170070567004        3.3230121592845759E-027   3.7722643883946134E-027
   1.7368664921760997        3.1342929158218215E-027   3.5897647286903125E-027
   1.7312576964459863        3.2602487904364153E-027   3.7117486496828272E-027
   1.7341258027868138        3.1954234054665259E-027   3.6490586719365831E-027
   1.7231009408776390        3.4408214821683605E-027   3.8859486249617023E-027
   1.7422825583551611        3.0258806332052634E-027   3.4752950913332101E-027
   1.7237318757483633        3.4286709008334366E-027   3.8741309069054068E-027
   1.7416516234844368        3.0372072965903921E-027   3.4884018702658737E-027
   1.7251704121986422        3.4007389343576902E-027   3.8469678273806501E-027
   1.7402130870341579        3.0631288815179142E-027   3.5183987092617012E-027
   1.7272709117563305        3.3518135224597831E-027   3.7999760906257212E-027
   1.7381125874764696        3.1067616264026336E-027   3.5630033525257702E-027
   1.7298559686417063        3.2922491304036568E-027   3.7426249144659571E-027
   1.7355275305910938        3.1640588435855101E-027   3.6186581258978867E-027
   1.7519570330792633        2.8554425782123195E-027   3.2781159969774895E-027
   1.7425757404101552        3.0206261748809563E-027   3.4692149593649389E-027
   1.7613383257483715        2.6798430921710263E-027   3.1002572460310543E-027
   1.7436241875929623        3.0018814291432851E-027   3.4475253546509935E-027
   1.7602898785655643        2.6994827775989942E-027   3.1196785777407625E-027
   1.7454125241189322        2.9700733614673715E-027   3.4107224684513565E-027
   1.7585015420395944        2.7332039126387372E-027   3.1529772095648926E-027
   1.7477822905195637        2.9282439926574377E-027   3.3623291457460634E-027
   1.7561317756389629        2.7783201194234524E-027   3.1974353537047588E-027
   1.7505229799088495        2.8803226180252742E-027   3.3068942290295556E-027
   1.7533910862496771        2.8306962254992393E-027   3.2494942651791039E-027
   1.7423662243405023        3.0243805877768778E-027   3.4735593240843952E-027
   1.7615478418180244        2.6759299074501925E-027   3.0963851104982435E-027
   1.7429971592112266        3.0130832200052376E-027   3.4604868605262956E-027
   1.7609169069473001        2.6877256412098319E-027   3.1080546239952067E-027
   1.7444356956615055        2.9874218623499176E-027   3.4307948383673856E-027
   1.7594783704970212        2.7147500214666451E-027   3.1347619484165368E-027
   1.7465361952191938        2.9501936385884932E-027   3.3877225345728225E-027
   1.7573778709393328        2.7545352532852544E-027   3.1740105466520902E-027
   1.7491212521045696        2.9047710366767734E-027   3.3351750317013502E-027
   1.7547928140539570        2.8040295458764461E-027   3.2227229660295658E-027
   1.7712223165421261        2.4984182482731197E-027   2.9204291284781645E-027
   1.7618410238730182        2.6704605012119786E-027   3.0909717041791412E-027
   1.7806036092112341        2.3327350883634473E-027   2.7533440769688276E-027
   1.7628894710558252        2.6509627015435333E-027   3.0716604498764704E-027
   1.7795551620284271        2.3509792771498988E-027   2.7735314247384857E-027
   1.7646778075817953        2.6179261750083218E-027   3.0388929487739335E-027
   1.7777668255024570        2.3821049079682091E-027   2.8046562819857156E-027
   1.7670475739824265        2.5745767575035108E-027   2.9958055069615517E-027
   1.7753970591018258        2.4237842182297903E-027   2.8462383025865488E-027
   1.7697882633717124        2.5244129653059024E-027   2.9461902082709035E-027
   1.7726563697125399        2.4726065566707211E-027   2.8948092121332583E-027
   1.7616315078033651        2.6743683267864498E-027   3.0948396819938307E-027
   1.7808131252808872        2.3290336599516111E-027   2.7482375854486465E-027
   1.7622624426740896        2.6626119288911825E-027   3.0832006859378428E-027
   1.7801821904101627        2.3401325037689718E-027   2.7626702834207056E-027
   1.7637009791243685        2.6359369616058075E-027   3.0567644420439935E-027
   1.7787436539598838        2.3650685593849591E-027   2.7876280428841058E-027
   1.7658014786820566        2.5973104520154512E-027   3.0184147992857328E-027
   1.7766431544021957        2.4018061957122724E-027   2.8243252049260972E-027
   1.7683865355674324        2.5499989987841966E-027   2.9715070527406548E-027
   1.7740580975168199        2.4475531836006095E-027   2.8699031964379114E-027
   1.7904876000049890        2.1625468171144862E-027   2.5199987629655696E-027
   1.7811063073358808        2.3238610091485314E-027   2.7411036929125085E-027
   1.7998688926740971        1.9587938585220604E-027   2.2953784813987927E-027
   1.7821547545186880        2.3054285933628926E-027   2.7157043663992025E-027
   1.7988204454912899        1.9829506322367777E-027   2.3204250054516985E-027
   1.7839430910446579        2.2742240876670272E-027   2.6727837758126418E-027
   1.7970321089653201        2.0247062792844275E-027   2.3636364894735923E-027
   1.7863128574452893        2.2333304136020457E-027   2.6166868012722618E-027
   1.7946623425646886        2.0811208380466338E-027   2.4218564134328880E-027
   1.7890535468345752        2.1866812310139295E-027   2.5529063575777110E-027
   1.7919216531754028        2.1386002703443242E-027   2.4874086146758556E-027
   1.7808967912662279        2.3275567129212634E-027   2.7462003716507391E-027
   1.8000784087437500        1.9539949579543673E-027   2.2903986246760315E-027
   1.7815277261369522        2.3164398845581980E-027   2.7308734916231654E-027
   1.7994474738730257        1.9684749969197463E-027   2.3054204244091708E-027
   1.7829662625872311        2.2912318912431753E-027   2.6961650976801393E-027
   1.7980089374227468        2.0018119211812194E-027   2.3399566865514420E-027
   1.7850667621449194        2.2547688633778782E-027   2.6460741095779160E-027
   1.7959084378650585        2.0513014639634682E-027   2.3911056143205899E-027
   1.7876518190302952        2.2104537462666845E-027   2.5853805675868149E-027
   1.7933233809796827        2.1135484368650801E-027   2.4552396748667846E-027
   1.6941611826906740        4.0740413915111557E-027   4.5106413559779141E-027
   1.6847798900215658        4.2554786218191850E-027   4.7040890958831600E-027
   1.7035424753597821        3.8502271354109409E-027   4.2871549928161177E-027
   1.6858283372043730        4.2350040051244537E-027   4.6822743312304025E-027
   1.7024940281769749        3.8751102123966267E-027   4.3119963388571698E-027
   1.6876166737303429        4.2001944584787836E-027   4.6451775729731548E-027
   1.7007056916510050        3.9177845809174670E-027   4.3545609194864578E-027
   1.6899864401309743        4.1542898404516230E-027   4.5962396734513934E-027
   1.6983359252503736        3.9747827423978893E-027   4.4113380051593052E-027
   1.6927271295202602        4.1015177329148461E-027   4.5399562627858937E-027
   1.6955952358610877        4.0413412820516343E-027   4.4775322888476849E-027
   1.6845703739519129        4.2595760688780769E-027   4.7084542804032474E-027
   1.7037519914294350        3.8452666494440648E-027   4.2822008498929555E-027
   1.6852013088226372        4.2472430109697027E-027   4.6953148886874436E-027
   1.7031210565587107        3.8602167341708614E-027   4.2971298213668293E-027
   1.6866398452729161        4.2191903528069330E-027   4.6654229951500799E-027
   1.7016825201084318        3.8944387639468234E-027   4.3312811211289551E-027
   1.6887403448306044        4.1783962247714473E-027   4.6219413870959188E-027
   1.6995820205507435        3.9447475140742494E-027   4.3814298147476415E-027
   1.6913254017159802        4.1284653894101318E-027   4.5687001960143821E-027
   1.6969969636653677        4.0072142487716378E-027   4.4436061848024230E-027
   1.7134264661535372        3.6302983444198665E-027   4.0694986333602561E-027
   1.7040451734844291        3.8383320122076152E-027   4.2752739751077443E-027
   1.7228077588226454        3.4464762188569769E-027   3.8914464718767228E-027
   1.7050936206672362        3.8135971948403724E-027   4.2505563151718853E-027
   1.7217593116398382        3.4667428310779893E-027   3.9111405068471701E-027
   1.7068819571932061        3.7716381886928215E-027   4.2085885283501089E-027
   1.7199709751138683        3.5014728139789463E-027   3.9448521491922174E-027
   1.7092517235938376        3.7164861805600896E-027   4.1533516050791547E-027
   1.7176012087132368        3.5478071086761851E-027   3.9897556090511023E-027
   1.7119924129831234        3.6588889701620769E-027   4.0970777326260882E-027
   1.7148605193239510        3.6018376708868778E-027   4.0420148833918950E-027
   1.7038356574147762        3.8432868982814176E-027   4.2802234463008828E-027
   1.7230172748922983        3.4424346288011108E-027   3.8875171430588120E-027
   1.7044665922855005        3.8283779164866631E-027   4.2653287650898762E-027
   1.7223863400215740        3.4546138941528595E-027   3.8993561687080437E-027
   1.7059051287357794        3.7945209961018887E-027   4.2314820591560469E-027
   1.7209478035712951        3.4824773576330950E-027   3.9264194600319597E-027
   1.7080056282934677        3.7454230192724465E-027   4.1823434582932520E-027
   1.7188473040136067        3.5233987091752044E-027   3.9661111872321720E-027
   1.7105906851788435        3.6869605740283125E-027   4.1241270391075201E-027
   1.7162622471282309        3.5741442678142112E-027   4.0152430730276935E-027
