 log10Enu, nu, nubar
   1.4336962017471651        5.7678218810370832E-027   5.8161685946177110E-027
  0.73985418755823140        1.2401505944234781E-026   1.3608105688357877E-026
   2.1275382159360987        3.5224370873959982E-030   4.6755470928501332E-030
  0.81739752095034346        1.1028949253578916E-026   1.2215518932518663E-026
   2.0499948825439867        1.3251410904656472E-027   1.7728473447543084E-027
  0.94966319701357238        9.4256401935248963E-027   1.0213099356750165E-026
   1.9177292064807578        2.4549635778153937E-027   2.9694989677400237E-027
   1.1249315262903852        8.9648101741175657E-027   9.3779091915249886E-027
   1.7424608772039449        3.5436884173389208E-027   3.9714753912068026E-027
   1.3276333834012053        6.4806816229094940E-027   6.6783610022673203E-027
   1.5397590200931248        5.1940202143996798E-027   5.4918389912976761E-027
  0.72435834312607916        1.2665092939252661E-026   1.3874093661408139E-026
   2.1430340603682509        0.0000000000000000        0.0000000000000000     
  0.77102239433589159        1.1860017403498518E-026   1.3060260146316631E-026
   2.0963700091584387        1.0490860208595373E-027   1.4752403591200970E-027
  0.87741679682931284        1.0197137398901871E-026   1.1254361255206117E-026
   1.9899756066650172        2.0499832779684244E-027   2.6560179638807383E-027
   1.0327701042374151        9.0463880890426127E-027   9.6277298489179906E-027
   1.8346222992569150        2.9045096578215201E-027   3.3926168799273097E-027
   1.2239613546765451        7.8410298478262879E-027   8.0041825289833077E-027
   1.6434310488177850        4.4340390265352809E-027   4.7169004035755716E-027
   1.0774802847816285        9.1598796187630890E-027   9.6805000967808684E-027
  0.73055927768716167        1.2560077952668928E-026   1.3768175425718430E-026
   1.4244012918760953        5.7632029178233027E-027   5.7878049491104706E-027
  0.76933094438321770        1.1889774853278492E-026   1.3090417857811172E-026
   1.3856296251800393        5.9338698787341052E-027   6.0835263158286001E-027
  0.83546378241483210        1.0697974456527438E-026   1.1877706012435489E-026
   1.3194967871484249        6.5740319763583084E-027   6.7697120197596551E-027
  0.92309794705323855        9.7171647329708599E-027   1.0604301226836231E-026
   1.2318626225100184        7.7453840063431276E-027   7.8947729865330590E-027
   1.0244488756086485        9.0266702267690145E-027   9.6185237820495543E-027
   1.1305116939546085        8.9050813298742534E-027   9.3015103575377806E-027
  0.72281135547108555        1.2691193957840742E-026   1.3900408311692262E-026
   1.4321492140921714        5.7666182454258301E-027   5.8104748212645716E-027
  0.74614338107599176        1.2293436527120728E-026   1.3498922287395659E-026
   1.4088171884872653        5.8330350288277821E-027   5.9080675730417092E-027
  0.79934058232270244        1.1355888874578034E-026   1.2548421828798915E-026
   1.3556199872405545        6.1918702165664677E-027   6.3786838564762732E-027
  0.87701723602675352        1.0201214353897523E-026   1.1259914173001232E-026
   1.2779433335365034        7.1529486139569647E-027   7.2834217641268753E-027
  0.97261286124631852        9.1666927445129078E-027   9.8679774737726186E-027
   1.1823477083169385        8.3331494699715226E-027   8.5758431044699802E-027
   1.7899121187127016        3.2165654201383812E-027   3.6692769204771262E-027
   1.4429911116182348        5.7751501844188984E-027   5.8509297958206701E-027
   2.1368331258071684        0.0000000000000000        0.0000000000000000     
   1.4817627783142908        5.6719882470075449E-027   5.8822731989706014E-027
   2.0980614591111122        1.0246789579782934E-027   1.4563603106336098E-027
   1.5478956163459052        5.1386892590989965E-027   5.4285224292692139E-027
   2.0319286210794978        1.8403227302705845E-027   2.4014067357420725E-027
   1.6355297809843117        4.5082558349504729E-027   4.7774151265123599E-027
   1.9442944564410916        2.2956977080278292E-027   2.8374675290500196E-027
   1.7368807095397216        3.5906504275548956E-027   4.0119641318695118E-027
   1.8429435278856816        2.8464213351166009E-027   3.3432333227781869E-027
   1.4352431894021587        5.7690300643035250E-027   5.8218882950818144E-027
   2.1445810480232446        0.0000000000000000        0.0000000000000000     
   1.4585752150070648        5.7878163775565779E-027   5.9113961439644493E-027
   2.1212490224183385        4.4517187012041470E-029   6.3391457696755597E-029
   1.5117724162537756        5.3993468994998153E-027   5.7145463516437543E-027
   2.0680518211716277        7.2540710254412917E-028   1.0037517527941411E-027
   1.5894490699578268        4.8702753457448128E-027   5.1158433522878393E-027
   1.9903751674675765        2.0466743243281162E-027   2.6537347600991346E-027
   1.6850446951773916        4.0195442256430520E-027   4.3573384081119060E-027
   1.8947795422480116        2.5535219126939843E-027   3.0795674852470830E-027
   1.6118041602299333        4.7054446452193581E-027   4.9491742247571577E-027
   1.4383436566826999        5.7714652644793489E-027   5.8334303085644483E-027
   1.7852646637771667        3.2352670827438152E-027   3.7034744953938199E-027
   1.4577294900307280        5.7871165536312506E-027   5.9080425190378254E-027
   1.7658788304291386        3.3549061401820494E-027   3.8153123364349530E-027
   1.4907959090465353        5.5878498514336248E-027   5.8354094369735964E-027
   1.7328124114133314        3.6191765649822571E-027   4.0376077062085943E-027
   1.5346129913657385        5.2321670961820699E-027   5.5331983623492109E-027
   1.6889953290941282        3.9793984699653615E-027   4.3198446703936050E-027
   1.5852884556434435        4.9000406146631652E-027   5.1467753058976591E-027
   1.6383198648164232        4.4837887329024384E-027   4.7566389392842990E-027
   1.4344696955746619        5.7684254030848020E-027   5.8190251953453741E-027
   1.7891386248852048        3.2196843660057904E-027   3.6749719077702978E-027
   1.4461357083771149        5.7776673161975657E-027   5.8629072472826418E-027
   1.7774726120827518        3.2729764748273630E-027   3.7560425430122801E-027
   1.4727343090004703        5.7555795794207757E-027   5.9285133621293475E-027
   1.7508740114593964        3.4722371601396226E-027   3.9097699748196166E-027
   1.5115726358524959        5.4007934363872006E-027   5.7161161069132284E-027
   1.7120356846073708        3.7690099791410493E-027   4.1680043085733634E-027
   1.5593704484622783        5.0683720114556339E-027   5.3423364831302144E-027
   1.6642378719975883        4.2313058462631245E-027   4.5538010574451097E-027
   1.9680200771954699        2.1900160627487092E-027   2.7344672425157672E-027
   1.7945595736482365        3.1977724081111982E-027   3.6350323079355164E-027
   2.1414805807427033        0.0000000000000000        0.0000000000000000     
   1.8139454069962646        3.0516512400651602E-027   3.5035956919329239E-027
   2.1220947473946752        3.2000116208005506E-029   4.5381970271295064E-029
   1.8470118260120718        2.8177756155932579E-027   3.3181337585791688E-027
   2.0890283283788680        3.8785149840438552E-028   5.1890217803597132E-028
   1.8908289083312750        2.5774255772399215E-027   3.1015691940682085E-027
   2.0452112460596648        1.5782251511606616E-027   2.1076669076670165E-027
   1.9415043726089800        2.3109279378354915E-027   2.8533780547783015E-027
   1.9945357817819598        2.0123557415926835E-027   2.6299520765753811E-027
   1.7906856125401984        3.2134439438096722E-027   3.6635806301176208E-027
   2.1453545418507414        0.0000000000000000        0.0000000000000000     
   1.8023516253426515        3.1521528268148534E-027   3.5799847530640888E-027
   2.1336885290482881        0.0000000000000000        0.0000000000000000     
   1.8289502259660069        2.9426326550164175E-027   3.4213461590534271E-027
   2.1070899284249331        7.6395149856607718E-028   1.1397397399981202E-027
   1.8677885528180325        2.7170496280708220E-027   3.1974940198974386E-027
   2.0682516015729075        7.2249494836936576E-028   9.9957291573252419E-028
   1.9155863654278149        2.4645252505644942E-027   2.9789215282547842E-027
   2.0204537889631249        1.9074626777927901E-027   2.4988358487503445E-027
   1.8789660979540859        2.6519866507334885E-027   3.1524889353931427E-027
   1.7922358461804690        3.2071802873270282E-027   3.6521602840898450E-027
   1.9656963497277027        2.1909186537152262E-027   2.7449894232682287E-027
   1.8019287628544831        3.1558290009001083E-027   3.5827633636021726E-027
   1.9560034330536886        2.2148273700673149E-027   2.7875643552438385E-027
   1.8184619723623867        3.0131107048792889E-027   3.4741141994840165E-027
   1.9394702235457850        2.3220333841419594E-027   2.8649693470799991E-027
   1.8403705135219883        2.8645489792623510E-027   3.3590835995754502E-027
   1.9175616823861834        2.4560546385721380E-027   2.9702140233625325E-027
   1.8657082456608409        2.7250207210838660E-027   3.2092397532387805E-027
   1.8922239502473308        2.5689841595499791E-027   3.0938049608052433E-027
   1.7902988656264500        3.2150049980728711E-027   3.6664289372148496E-027
   1.9676333302817217        2.1901665937949103E-027   2.7362195902298207E-027
   1.7961318720276767        3.1913939210923811E-027   3.6234368267909699E-027
   1.9618003238804951        2.1924219933666661E-027   2.7625952408274348E-027
   1.8094311723393544        3.0907146830238172E-027   3.5333854390502862E-027
   1.9485010235688174        2.2677887936699018E-027   2.8183713920045969E-027
   1.8288503357653672        2.9433040175395369E-027   3.4218509116469778E-027
   1.9290818601428046        2.3811840599753598E-027   2.9208028228812720E-027
   1.8527492420702585        2.7774165993383105E-027   3.2826601911448739E-027
   1.9051829538379133        2.4992799377608447E-027   3.0251717826705869E-027
   2.0570740564368539        1.0249760611943009E-027   1.3844787440973268E-027
   1.9703438046632371        2.1891090042908059E-027   2.7239292699458591E-027
   2.1438043082104707        0.0000000000000000        0.0000000000000000     
   1.9800367213372512        2.1288295180437427E-027   2.6965921029617804E-027
   2.1341113915364565        0.0000000000000000        0.0000000000000000     
   1.9965699308451548        1.9956691835532293E-027   2.6183198254281534E-027
   2.1175781820285531        9.8565481644095680E-029   1.4115582427920813E-028
   2.0184784720047566        1.9302428145742713E-027   2.5133162091577521E-027
   2.0956696408689512        1.0591643074879849E-027   1.4830364032869689E-027
   2.0438162041436088        1.6601544834179027E-027   2.2159336987648349E-027
   2.0703319087300991        6.9278048141235270E-028   9.5696988775969430E-028
   1.9684068241092181        2.1898654079521419E-027   2.7327144573600719E-027
   2.1457412887644898        0.0000000000000000        0.0000000000000000     
   1.9742398305104447        2.1728410350678557E-027   2.7105942927341677E-027
   2.1399082823632631        0.0000000000000000        0.0000000000000000     
   1.9875391308221224        2.0702105369720922E-027   2.6699376270550062E-027
   2.1266089820515854        4.1285164955970733E-030   5.4800335165227117E-030
   2.0069582942481352        2.0264631538320826E-027   2.5867656419284205E-027
   2.1071898186255726        7.5576044428072847E-028   1.1274115666615736E-027
   2.0308572005530263        1.8461611999274242E-027   2.4105357314266622E-027
   2.0832909123206815        4.9064143280615650E-028   6.8101914320553413E-028
   2.0125470668161620        1.9996485906757091E-027   2.5569017777025053E-027
   1.9691819409293538        2.1895630932103229E-027   2.7292002181113226E-027
   2.0559121927029702        1.0676526536623709E-027   1.4367864302536585E-027
   1.9740283992663608        2.1744521626074039E-027   2.7111028355274937E-027
   2.0510657343659635        1.2739576357204632E-027   1.7050579328071005E-027
   1.9822950040203124        2.1117695876129417E-027   2.6911063435837734E-027
   2.0427991296120114        1.6781662133395074E-027   2.2354484357291861E-027
   1.9932492746001134        2.0229405295575492E-027   2.6373073946586767E-027
   2.0318448590322107        1.8407790254777189E-027   2.4021199899555512E-027
   2.0059181406695394        2.0223165484902351E-027   2.5897023271206216E-027
   2.0191759929627846        1.9221796726733310E-027   2.5082008941792448E-027
   1.9682134506523443        2.1899407508249993E-027   2.7335909045624163E-027
   2.0568806829799797        1.0319664937538250E-027   1.3930601000245162E-027
   1.9711299538529574        2.1888011189337015E-027   2.7203605870557116E-027
   2.0539641797793666        1.1445622398441011E-027   1.5335545317409085E-027
   1.9777796040087963        2.1459288746195467E-027   2.7020576893370801E-027
   2.0473145296235278        1.4618303768554930E-027   1.9537555715530387E-027
   1.9874891857218027        2.0706260627495423E-027   2.6702229084747340E-027
   2.0376049479105212        1.7576621765381456E-027   2.3162114857945104E-027
   1.9994386388742482        1.9968955802480857E-027   2.6079125167984624E-027
   2.0256554947580758        1.8745637887017186E-027   2.4550271059148535E-027
   2.1016010460575458        9.7329525499834873E-028   1.4166125208894326E-027
   2.0582359201707376        9.8389782670419483E-028   1.3339428436345388E-027
   2.1449661719443540        0.0000000000000000        0.0000000000000000     
   2.0630823785077443        8.2858650841663793E-028   1.1410561570351094E-027
   2.1401197136073473        0.0000000000000000        0.0000000000000000     
   2.0713489832616960        6.7865109597691669E-028   9.3673553342842613E-028
   2.1318531088533956        6.9105630466239815E-031   9.1728147759443291E-031
   2.0823032538414972        5.0593652087431990E-028   7.0145882557509465E-028
   2.1208988382735945        4.9692921862039929E-029   7.0838274380776449E-029
   2.0949721199109232        2.9105722754502032E-028   3.6301988865929225E-028
   2.1082299722041684        6.7035520554060168E-028   9.9887004436685804E-028
   2.0572674298937281        1.0180298994353906E-027   1.3759464634689140E-027
   2.1459346622213635        0.0000000000000000        0.0000000000000000     
   2.0601839330943412        9.1845950341043147E-028   1.2530376230070936E-027
   2.1430181590207504        0.0000000000000000        0.0000000000000000     
   2.0668335832501801        7.4339111359431817E-028   1.0295718725859777E-027
   2.1363685088649116        0.0000000000000000        0.0000000000000000     
   2.0765431649631862        6.0429205011321984E-028   8.3238360064718973E-028
   2.1266589271519054        4.0959734905346374E-030   5.4368371871243195E-030
   2.0884926181156320        3.9794205305636432E-028   5.3575408028231876E-028
   2.1147094739994596        1.4048657154385597E-028   2.0147164043388724E-028
   1.8344391083333937        2.9057409123997272E-027   3.3935468207948602E-027
   1.7910739824465853        3.2118757027847970E-027   3.6607200461050717E-027
   1.8778042342202022        2.6594500028114827E-027   3.1566076895607122E-027
   1.7959204407835923        3.1922522561085565E-027   3.6249963887859456E-027
   1.8729577758831952        2.6905916599440301E-027   3.1737272114960295E-027
   1.8041870455375442        3.1362047699090215E-027   3.5679179553173235E-027
   1.8646911711292433        2.7289124276019455E-027   3.2149774865483547E-027
   1.8151413161173451        3.0413179990551355E-027   3.4956942904730848E-027
   1.8537369005494424        2.7705996164724149E-027   3.2765677034622926E-027
   1.8278101821867712        2.9502948121230650E-027   3.4271044078636890E-027
   1.8410680344800163        2.8596339847365750E-027   3.3547886069030702E-027
   1.7901054921695758        3.2157852881564898E-027   3.6678529694461870E-027
   1.8787727244972117        2.6532287348437802E-027   3.1531748267749109E-027
   1.7930219953701891        3.2040000128386312E-027   3.6463669006683862E-027
   1.8758562212965983        2.6719654355550165E-027   3.1635006381348673E-027
   1.7996716455260280        3.1754631508082078E-027   3.5975854179175975E-027
   1.8692065711407595        2.7116077395358888E-027   3.1894801516564795E-027
   1.8093812272390344        3.0911473808488594E-027   3.5337147066396238E-027
   1.8594969894277531        2.7487315065596984E-027   3.2442296314813345E-027
   1.8213306803914799        2.9938374881653223E-027   3.4597277665181978E-027
   1.8475475362753075        2.8140052070422602E-027   3.3148252688699450E-027
   1.9234930875747778        2.4174644748867638E-027   2.9448337913024029E-027
   1.8801279616879696        2.6445243342673074E-027   3.1483645433855201E-027
   1.9668582134615860        2.1904679154153202E-027   2.7397303189330161E-027
   1.8849744200249765        2.6134093432715830E-027   3.1310998964322999E-027
   1.9620117551245790        2.1923407287314987E-027   2.7616409685290622E-027
   1.8932410247789282        2.5628302140822262E-027   3.0881409009855823E-027
   1.9537451503706273        2.2307336169268580E-027   2.7968578427443452E-027
   1.9041952953587291        2.5025613499554050E-027   3.0295419091857545E-027
   1.9427908797908264        2.3039049268880055E-027   2.8460433611751865E-027
   1.9168641614281552        2.4602327865766205E-027   2.9732137897705264E-027
   1.9301220137214004        2.3744409306532994E-027   2.9163179540728353E-027
   1.8791594714109601        2.6507445953095888E-027   3.1518028878417198E-027
   1.9678267037385955        2.1900913437348261E-027   2.7353434711086850E-027
   1.8820759746115732        2.6320152858499748E-027   3.1414368415926152E-027
   1.9649102005379824        2.1912230049034338E-027   2.7485456137529389E-027
   1.8887256247674120        2.5901535525184304E-027   3.1132647784544968E-027
   1.9582605503821435        2.1989606874818428E-027   2.7782583483735586E-027
   1.8984352064804184        2.5314085502974425E-027   3.0591703191909322E-027
   1.9485509686691371        2.2674351160880165E-027   2.8181669457582462E-027
   1.9103846596328640        2.4819458261484762E-027   3.0020960755944860E-027
   1.9366015155166916        2.3376969218752180E-027   2.8813036097968684E-027
   2.0793375512471997        5.5455745680838109E-028   7.6628650841638295E-028
   2.0576549883037956        1.0042406622231548E-027   1.3589928048165826E-027
   2.1010201141906037        9.8175731639418020E-028   1.4231583363456504E-027
   2.0600782174722991        9.2190365767130472E-028   1.2573085915227190E-027
   2.0985968850221002        1.0169331104661433E-027   1.4503685213998997E-027
   2.0642115198492750        7.9585618330709857E-028   1.1000051831498254E-027
   2.0944635826451243        2.9834118659715002E-028   3.7435906887368973E-028
   2.0696886551391751        7.0185068328346342E-028   9.6996720212243236E-028
   2.0889864473552242        3.8863150175078876E-028   5.2020105387922361E-028
   2.0760230881738884        6.1399180528307607E-028   8.4525077011820663E-028
   2.0826520143205109        5.0048582723512120E-028   6.9417739354559471E-028
   2.0571707431652908        1.0214974627143422E-027   1.3802064854806913E-027
   2.1015043593291085        9.7470441376936247E-028   1.4177025736356946E-027
   2.0586289947655976        9.7035248369569971E-028   1.3172371758939375E-027
   2.1000461077288017        9.9591966887903788E-028   1.4341136037982656E-027
   2.0619538198435170        8.6255475716029480E-028   1.1835042157358122E-027
   2.0967212826508823        1.0440250784475343E-027   1.4713254743758383E-027
   2.0668086107000199        7.4376385821024158E-028   1.0301072791445909E-027
   2.0918664917943794        3.3832974654472703E-028   4.3778788176770494E-028
   2.0727833372762428        6.5915904097366347E-028   9.0884715312494342E-028
   2.0858917652181566        4.5058706006743758E-028   6.2533037032822616E-028
   2.1238645408678920        5.9109864622364124E-030   7.8460153818721550E-030
   2.1021819779244879        9.6482186679398458E-028   1.4100579435967194E-027
   2.1455471038112961        0.0000000000000000        0.0000000000000000     
   2.1046052070929910        9.2935449536658228E-028   1.3826222092973586E-027
   2.1431238746427930        0.0000000000000000        0.0000000000000000     
   2.1087385094699673        6.2852556875096662E-028   9.3591318985427273E-028
   2.1389905722658167        0.0000000000000000        0.0000000000000000     
   2.1142156447598675        1.7488648144294941E-028   2.5315110505535826E-028
   2.1335134369759166        0.0000000000000000        0.0000000000000000     
   2.1205500777945807        5.4843468617675441E-029   7.8248850583633391E-029
   2.1271790039412033        3.7568817023666318E-030   4.9867398297999544E-030
   2.1016977327859827        9.7188578247221759E-028   1.4155222254383488E-027
   2.1460313489498013        0.0000000000000000        0.0000000000000000     
   2.1031559843862895        9.5058969198250839E-028   1.3990486651834891E-027
   2.1445730973494945        0.0000000000000000        0.0000000000000000     
   2.1064808094642089        8.1385885513097317E-028   1.2148541906008184E-027
   2.1412482722715751        0.0000000000000000        0.0000000000000000     
   2.1113356003207122        4.1413686988987889E-028   6.1324153503645416E-028
   2.1363934814150718        0.0000000000000000        0.0000000000000000     
   2.1173103268969351        1.0249144128942723E-028   1.4680447179206442E-028
   2.1304187548388489        1.6353852279432435E-030   2.1707472577892692E-030
   1.9902835720058158        2.0474326667312216E-027   2.6542581746453560E-027
   1.9686010090624118        2.1897897177452231E-027   2.7318342223008888E-027
   2.0119661349492199        2.0065271564071152E-027   2.5611788037610532E-027
   1.9710242382309151        2.1888425510349128E-027   2.7208405811789265E-027
   2.0095429057807164        2.0353750753473525E-027   2.5790347154278840E-027
   1.9751575406078909        2.1658527497861030E-027   2.7083852163677403E-027
   2.0054096034037405        2.0202959423114510E-027   2.5911367423637095E-027
   1.9806346758977915        2.1243076189881486E-027   2.6951412570851483E-027
   1.9999324681138402        1.9988084639926305E-027   2.6065297200533420E-027
   1.9869691089325046        2.0749550343162155E-027   2.6731933960353723E-027
   1.9935980350791271        2.0200687015774771E-027   2.6353135579447143E-027
   1.9681167639239070        2.1899784106547761E-027   2.7340290872021862E-027
   2.0124503800877247        2.0007924166011298E-027   2.5576135205530962E-027
   1.9695750155242135        2.1894095940553891E-027   2.7274174213041571E-027
   2.0109921284874184        2.0180923038987577E-027   2.5683529718291178E-027
   1.9728998406021330        2.1830588104076945E-027   2.7138147154477245E-027
   2.0076673034094989        2.0293002244845819E-027   2.5847617623347775E-027
   1.9777546314586361        2.1461183279421644E-027   2.7021180631277361E-027
   2.0028125125529956        2.0100447921891249E-027   2.5984484585699486E-027
   1.9837293580348589        2.1009592561641424E-027   2.6876130384217362E-027
   1.9968377859767728        1.9934764467068310E-027   2.6167878860776333E-027
   2.0348105616265082        1.8015655667279192E-027   2.3604483668700816E-027
   2.0131279986831041        1.9927844454149483E-027   2.5526261834101735E-027
   2.0564931245699123        1.0461110212669650E-027   1.4104076049663008E-027
   2.0155512278516077        1.9643077347836525E-027   2.5348071286493290E-027
   2.0540698954014087        1.1400843042405532E-027   1.5276159531692345E-027
   2.0196845302285835        1.9163142397073240E-027   2.5044728978367040E-027
   2.0499365930244329        1.3279817329297476E-027   1.7766088112116962E-027
   2.0251616655184836        1.8772650239352989E-027   2.4592654520093861E-027
   2.0444594577345327        1.6218941631460795E-027   2.1653809717618097E-027
   2.0314960985531969        1.8426791738995351E-027   2.4050905679448613E-027
   2.0381250246998195        1.7495792851229168E-027   2.3080392642439118E-027
   2.0126437535445993        1.9985051642008102E-027   2.5561900745121535E-027
   2.0569773697084170        1.0284657273526260E-027   1.3887632715196004E-027
   2.0141020051449061        1.9813081902050527E-027   2.5454608412422484E-027
   2.0555191181081103        1.0824626466057451E-027   1.4548939169255210E-027
   2.0174268302228255        1.9424388151667394E-027   2.5210326423476404E-027
   2.0521942930301909        1.2220254731562714E-027   1.6362484185490075E-027
   2.0222816210793284        1.8930349283197818E-027   2.4840331103838699E-027
   2.0473395021736880        1.4604980153734126E-027   1.9519930538194398E-027
   2.0282563476555513        1.8603508133912442E-027   2.4327463187281636E-027
   2.0413647755974651        1.6998464076694016E-027   2.2575609971063650E-027
   1.9012295927644318        2.5145097556780850E-027   3.0435546776427697E-027
   1.8795470298210277        2.6482553595454475E-027   3.1504274436996513E-027
   1.9229121557078359        2.4212402973171585E-027   2.9473252513687137E-027
   1.8819702589895313        2.6326940492265166E-027   3.1418132028342882E-027
   1.9204889265393323        2.4369992614170952E-027   2.9577045708917734E-027
   1.8861035613665071        2.6061632519596271E-027   3.1270635119943480E-027
   1.9163556241623565        2.4619417179331543E-027   2.9754860559029881E-027
   1.8915806966564075        2.5728764240324222E-027   3.0973857281473795E-027
   1.9108784888724561        2.4802956845669477E-027   2.9999001958151400E-027
   1.8979151296911205        2.5345541405030935E-027   3.0620743402465416E-027
   1.9045440558377431        2.5014029832168790E-027   3.0279991513208888E-027
   1.8790627846825230        2.6513656194195917E-027   3.1521459311367006E-027
   1.9233964008463407        2.4180928410841350E-027   2.9452485396040939E-027
   1.8805210362828295        2.6419999735845705E-027   3.1469679293052224E-027
   1.9219381492460341        2.4275728228826331E-027   2.9514997484573759E-027
   1.8838458613607489        2.6206529477648766E-027   3.1351289111509274E-027
   1.9186133241681147        2.4492065090781938E-027   2.9657235065997119E-027
   1.8887006522172523        2.5903046794121160E-027   3.1134035655720862E-027
   1.9137585333116114        2.4706564709530678E-027   2.9870760093872804E-027
   1.8946753787934749        2.5541520911495106E-027   3.0801481438799304E-027
   1.9077838067353887        2.4906237538532128E-027   3.0136463907129786E-027
   1.9457565823851239        2.2872451874377454E-027   2.8295921593448754E-027
   1.9240740194417199        2.4136894984265507E-027   2.9423411066505340E-027
   1.9674391453285280        2.1902421285343230E-027   2.7370992757317960E-027
   1.9264972486102232        2.3979523117058592E-027   2.9319302641235662E-027
   1.9650159161600247        2.1911821075660094E-027   2.7480675098706116E-027
   1.9306305509871990        2.3711452618746987E-027   2.9141238754890739E-027
   1.9608826137830488        2.1927742963988305E-027   2.7667356611505241E-027
   1.9361076862770996        2.3403934669848837E-027   2.8841139157350298E-027
   1.9554054784931483        2.2190360390176841E-027   2.7900268034894006E-027
   1.9424421193118127        2.3058087447901832E-027   2.8480320114611524E-027
   1.9490710454584352        2.2637531445283435E-027   2.8160375377687173E-027
   1.9235897743032151        2.4168361321229446E-027   2.9444190090793944E-027
   1.9679233904670328        2.1900537071082445E-027   2.7349053704892401E-027
   1.9250480259035216        2.4073621877249290E-027   2.9381590608333669E-027
   1.9664651388667262        2.1906205310303987E-027   2.7415099925663252E-027
   1.9283728509814411        2.3857821329431386E-027   2.9238576746482750E-027
   1.9631403137888068        2.1919063429520553E-027   2.7565450628384962E-027
   1.9332276418379442        2.3561205926211143E-027   2.9004945949863175E-027
   1.9582855229323037        2.1987853172051903E-027   2.7781552911852290E-027
   1.9392023684141670        2.3234958278516717E-027   2.8664951319893149E-027
   1.9523107963560808        2.2408525634728433E-027   2.8027515680234823E-027
   1.8121756135230478        3.0669551119083469E-027   3.5152815146165835E-027
   1.7904930505796437        3.2142212744376714E-027   3.6649988475295651E-027
   1.8338581764664519        2.9096454600570566E-027   3.3964949236930480E-027
   1.7929162797481470        3.2044278243882394E-027   3.6471460276525701E-027
   1.8314349472979485        2.9259325204304750E-027   3.4087773167343245E-027
   1.7970495821251229        3.1876661806804384E-027   3.6166665855631073E-027
   1.8273016449209727        2.9537125906012022E-027   3.4296712253317874E-027
   1.8025267174150235        3.1506308628703062E-027   3.5788340701251415E-027
   1.8218245096310721        2.9905193825697986E-027   3.4572476791501837E-027
   1.8088611504497365        3.0956536909539160E-027   3.5371429322511380E-027
   1.8154900765963591        3.0383057841307886E-027   3.4933892856388165E-027
   1.7900088054411389        3.2161753739134212E-027   3.6685649551267885E-027
   1.8343424216049566        2.9063907598477507E-027   3.3940375808641164E-027
   1.7914670570414455        3.2102878159074980E-027   3.6578244806342821E-027
   1.8328841700046501        2.9161919668762851E-027   3.4014346858059199E-027
   1.7947918821193649        3.1968306333106593E-027   3.6333193768661727E-027
   1.8295593449267307        2.9385387378683610E-027   3.4182673353864822E-027
   1.7996466729758680        3.1756804911276948E-027   3.5977493189559926E-027
   1.8247045540702276        2.9711662884349086E-027   3.4427629631355858E-027
   1.8056213995520909        3.1237510875722190E-027   3.5584808393862604E-027
   1.8187298274940047        3.0113112970958039E-027   3.4727724160407065E-027
   1.8567026031437397        2.7593549412867235E-027   3.2599312740794540E-027
   1.8350200402003356        2.9018363885097151E-027   3.3905973357876432E-027
   1.8783851660871438        2.6557182008224961E-027   3.1545490176252523E-027
   1.8374432693688389        2.8851811686513813E-027   3.3770926952322729E-027
   1.8759619369186404        2.6712861762593314E-027   3.1631269762633892E-027
   1.8415765717458148        2.8560509881422384E-027   3.3516564011570899E-027
   1.8718286345416646        2.6978491459568562E-027   3.1777016087820815E-027
   1.8470537070357154        2.8174808364204721E-027   3.3178751339696566E-027
   1.8663514992517640        2.7225575570217006E-027   3.2056092553219813E-027
   1.8533881400704284        2.7729254967819551E-027   3.2787046379730071E-027
   1.8600170662170510        2.7467513108310984E-027   3.2413045503447070E-027
   1.8345357950618308        2.9050910656100426E-027   3.3930560224408392E-027
   1.8788694112256485        2.6526076892189823E-027   3.1528319006071637E-027
   1.8359940466621374        2.8952900282343448E-027   3.3856490539240718E-027
   1.8774111596253420        2.6619751827651118E-027   3.1579998436464419E-027
   1.8393188717400568        2.8719602579303691E-027   3.3655564321347177E-027
   1.8740863345474226        2.6833386245179582E-027   3.1697495128890895E-027
   1.8441736625965599        2.8377574663662712E-027   3.3356488073323080E-027
   1.8692315436909195        2.7115118416814524E-027   3.1893389662179833E-027
   1.8501483891727828        2.7957058256919361E-027   3.2987516823859589E-027
   1.8632568171146966        2.7343947399594098E-027   3.2230638218153477E-027
   2.1127327934627189        2.9826770584193302E-028   4.3884943739173044E-028
   2.1018915119910169        9.6905997769434460E-028   1.4133363282052745E-027
   2.1235740749344210        1.0046778296617798E-029   1.3795637554015734E-029
   2.1031031265752684        9.5136286927169028E-028   1.3996467553666234E-027
   2.1223624603501694        2.8032774589815101E-029   3.9673782620693270E-029
   2.1051697777637566        9.2103933465132322E-028   1.3761691427168681E-027
   2.1202958091616813        5.8595939547532946E-029   8.3647883558974916E-029
   2.1079083454087066        6.9678528304210741E-028   1.0386493652437474E-027
   2.1175572415167312        9.8872494529258229E-029   1.4159755260218016E-028
   2.1110755619260635        4.3566072738978408E-028   6.4563661348253114E-028
   2.1143900249993743        1.6034940239947007E-028   2.3127167122281170E-028
   2.1016493894217643        9.7259055795903942E-028   1.4160674035053711E-027
   2.1238161975036736        6.4465336412244413E-030   8.6156268418464180E-030
   2.1023785152219179        9.6195263529947793E-028   1.4078384536892762E-027
   2.1230870717035200        1.7282203149362392E-029   2.4205924029454779E-029
   2.1040409277608774        9.3763120274016949E-028   1.3890246444155095E-027
   2.1214246591645605        4.1919697363672900E-029   5.9654204956683668E-029
   2.1064683231891292        8.1488116960363206E-028   1.2163928533399897E-027
   2.1189972637363086        7.7725519928107451E-029   1.1117141064545662E-028
   2.1094556864772405        5.6945100146254351E-028   8.4700137460531248E-028
   2.1160099004481974        1.2151744900424540E-028   1.7417897913976198E-028
   2.1349962882730651        0.0000000000000000        0.0000000000000000     
   2.1241550068013630        5.7228661046119345E-030   7.5963116769161948E-030
   2.1458375697447671        0.0000000000000000        0.0000000000000000     
   2.1253666213856146        4.9368050922098248E-030   6.5529246155857424E-030
   2.1446259551605156        0.0000000000000000        0.0000000000000000     
   2.1274332725741028        3.5909498575730746E-030   4.7664883007345164E-030
   2.1425593039720274        0.0000000000000000        0.0000000000000000     
   2.1301718402190528        1.7976308241715267E-030   2.3861058027260310E-030
   2.1398207363270774        0.0000000000000000        0.0000000000000000     
   2.1333390567364097        0.0000000000000000        0.0000000000000000     
   2.1366535198097205        0.0000000000000000        0.0000000000000000     
   2.1239128842321104        5.8796855934771145E-030   7.8044678162804574E-030
   2.1460796923140197        0.0000000000000000        0.0000000000000000     
   2.1246420100322641        5.4071758446570217E-030   7.1772766053020520E-030
   2.1453505665138661        0.0000000000000000        0.0000000000000000     
   2.1263044225712235        4.3268790275698992E-030   5.7433322885616975E-030
   2.1436881539749066        0.0000000000000000        0.0000000000000000     
   2.1287318179994754        2.7420222392540364E-030   3.6396545321274395E-030
   2.1412607585466548        0.0000000000000000        0.0000000000000000     
   2.1317191812875866        7.7936163740522952E-031   1.0344945694240254E-030
   2.1382733952585435        0.0000000000000000        0.0000000000000000     
   2.0682058038420266        7.2316161533369965E-028   1.0005295038860839E-027
   2.0573645223703245        1.0145588565668617E-027   1.3716808455403849E-027
   2.0790470853137286        5.5954492995519837E-028   7.7292434495323794E-028
   2.0585761369545765        9.7216376372542290E-028   1.3194722752508788E-027
   2.0778354707294766        5.8080000703695579E-028   8.0118867793007294E-028
   2.0606427881430642        9.0364923441680242E-028   1.2346552878138554E-027
   2.0757688195409889        6.1878629404256465E-028   8.5160811894074666E-028
   2.0633813557880143        8.1979963784098814E-028   1.1300502190563053E-027
   2.0730302518960388        6.5585417403768879E-028   9.0412170392687593E-028
   2.0665485723053711        7.4765507934167245E-028   1.0356971832539973E-027
   2.0698630353786820        6.9938149651778502E-028   9.6642831398288948E-028
   2.0571223998010724        1.0232353805264014E-027   1.3823410832026370E-027
   2.0792892078829808        5.5538467741206394E-028   7.6738760866509876E-028
   2.0578515256012255        9.9731480615489994E-028   1.3504696012895202E-027
   2.0785600820828276        5.6800029013356632E-028   7.8417265189672734E-028
   2.0595139381401855        9.4049271085446697E-028   1.2803353036459375E-027
   2.0768976695438677        5.9776175584613071E-028   8.2371660607519923E-028
   2.0619413335684369        8.6293776077537090E-028   1.1839819548960116E-027
   2.0744702741156162        6.3687112999032641E-028   8.7699613466318954E-028
   2.0649286968565481        7.7569983334018611E-028   1.0746486491848740E-027
   2.0714829108275050        6.7680971440623709E-028   9.3409967970795292E-028
   2.0904692986523727        3.6190430538834441E-028   4.7606425641299484E-028
   2.0796280171806707        5.4961114691621210E-028   7.5970129338816245E-028
   2.1013105801240748        9.7752770060053619E-028   1.4198865231147112E-027
   2.0808396317649223        5.2941582063982523E-028   7.3279169063247425E-028
   2.1000989655398232        9.9515191491047793E-028   1.4335197088170205E-027
   2.0829062829534104        4.9654624972540557E-028   6.8891281089222348E-028
   2.0980323143513351        1.0251003125651949E-027   1.4566862488699887E-027
   2.0856448505983605        4.5589760311828716E-028   6.3450088626171644E-028
   2.0952937467063850        2.8653825113413469E-028   3.5601971600173922E-028
   2.0888120671157173        3.9189528866499631E-028   5.2564287150620435E-028
   2.0921265301890282        3.3410676141458115E-028   4.3099861754632286E-028
   2.0793858946114181        5.5373137643148051E-028   7.6518686578992445E-028
   2.1015527026933274        9.7399987359887726E-028   1.4171575775972870E-027
   2.0801150204115717        5.4140953862058478E-028   7.4877737210674171E-028
   2.1008235768931738        9.8461758742968492E-028   1.4253708949028835E-027
   2.0817774329505312        5.1425842247567751E-028   7.1257028785203950E-028
   2.0991611643542143        1.0087595071217961E-027   1.4440458422556923E-027
   2.0842048283787831        4.7687085212287000E-028   6.6259676154815483E-028
   2.0967337689259624        1.0438451081712095E-027   1.4711862586267054E-027
   2.0871921916668943        4.2348659588813837E-028   5.7887896331572989E-028
   2.0937464056378512        3.0890924901073997E-028   3.9093103731710782E-028
   2.0236788142213351        1.8853810757866896E-027   2.4720071177358237E-027
   2.0128375327496331        1.9962147154046579E-027   2.5547638010175702E-027
   2.0345200956930372        1.8061751852907947E-027   2.3650783280269063E-027
   2.0140491473338846        1.9819299482350114E-027   2.5458495885298931E-027
   2.0333084811087856        1.8254971303003596E-027   2.3844556714832744E-027
   2.0161157985223728        1.9577092016891337E-027   2.5306592671858114E-027
   2.0312418299202974        1.8440647767766165E-027   2.4072571185598580E-027
   2.0188543661673228        1.9258950014972143E-027   2.5105592909397534E-027
   2.0285032622753474        1.8590026947398938E-027   2.4306347024671943E-027
   2.0220215826846797        1.8944601263081718E-027   2.4862734937959218E-027
   2.0253360457579905        1.8763110743882629E-027   2.4577685290900075E-027
   2.0125954101803805        1.9990768275065662E-027   2.5565459211471797E-027
   2.0347622182622898        1.8023321601243934E-027   2.3612185346146800E-027
   2.0133245359805341        1.9904654748004166E-027   2.5511800163713706E-027
   2.0340330924621361        1.8139233268685052E-027   2.3728544611919362E-027
   2.0149869485194936        1.9709164771718059E-027   2.5389542452674588E-027
   2.0323706799231767        1.8379150237416750E-027   2.3976437281579894E-027
   2.0174143439477454        1.9425839038487878E-027   2.5211242903258319E-027
   2.0299432844949248        1.8511446005502122E-027   2.4183322676425938E-027
   2.0204017072358567        1.9080611634995252E-027   2.4992174124497685E-027
   2.0269559212068136        1.8674544189844541E-027   2.4438779996573396E-027
   2.0459423090316813        1.5368181954865259E-027   2.0529273544901251E-027
   2.0351010275599792        1.7969646403282302E-027   2.3558243809254052E-027
   2.0567835905033833        1.0354931543225959E-027   1.3973873714991548E-027
   2.0363126421442312        1.7778664496458601E-027   2.3366008516209463E-027
   2.0555719759191313        1.0804599972783214E-027   1.4524466944358263E-027
   2.0383792933327189        1.7456375425824288E-027   2.3040507665472230E-027
   2.0535053247306436        1.1641904367802577E-027   1.5595823944995470E-027
   2.0411178609776690        1.7035993868410678E-027   2.2613821254522314E-027
   2.0507667570856936        1.2880581524866611E-027   1.7237359534407624E-027
   2.0442850774950259        1.6321837802822487E-027   2.1789776593228210E-027
   2.0475995405683367        1.4466916210731216E-027   1.9337282597004190E-027
   2.0348589049907271        1.8007992141063518E-027   2.3596783646402310E-027
   2.0570257130726355        1.0267195087804290E-027   1.3866194721922339E-027
   2.0355880307908802        1.7892700801330291E-027   2.3480850809399846E-027
   2.0562965872724823        1.0533529771256398E-027   1.4192812083892626E-027
   2.0372504433298402        1.7631876062836054E-027   2.3217929382808046E-027
   2.0546341747335224        1.1165102618240828E-027   1.4964375455021746E-027
   2.0396778387580916        1.7256096176270724E-027   2.2837527047431038E-027
   2.0522067793052710        1.2214621640856576E-027   1.6355018788559870E-027
   2.0426652020462028        1.6801817799225721E-027   2.2375069951491342E-027
   2.0492194160171597        1.3634025205456327E-027   1.8235047650701000E-027
   1.9791518246006428        2.1355275601439959E-027   2.6987369376389025E-027
   1.9683105431289407        2.1899029251687905E-027   2.7331508555943670E-027
   1.9899931060723448        2.0498383088543653E-027   2.6559179701778091E-027
   1.9695221577131925        2.1894302429641547E-027   2.7276571849462435E-027
   1.9887814914880930        2.0598860071799755E-027   2.6628406475830178E-027
   1.9715888089016804        2.1886211764769560E-027   2.7182768166200389E-027
   1.9867148402996051        2.0770728971460973E-027   2.6746455919396817E-027
   1.9743273765466305        2.1721740454076901E-027   2.7103836789933014E-027
   1.9839762726546550        2.0991003272838173E-027   2.6870109827091604E-027
   1.9774945930639871        2.1480914458836547E-027   2.7027466074178831E-027
   1.9808090561372984        2.1229895458854758E-027   2.6947179207708512E-027
   1.9680684205596883        2.1899972376686330E-027   2.7342481682756230E-027
   1.9902352286415972        2.0478329626626083E-027   2.6545344258338793E-027
   1.9687975463598417        2.1897130788292231E-027   2.7309432121822118E-027
   1.9895061028414438        2.0538744013422362E-027   2.6587006655278584E-027
   1.9704599588988014        2.1890635463151260E-027   2.7234021061213901E-027
   1.9878436903024841        2.0676774794516107E-027   2.6681979635453077E-027
   1.9728873543270529        2.1831540986092610E-027   2.7138446952008031E-027
   1.9854162948742327        2.0879031159875051E-027   2.6820609577528761E-027
   1.9758747176151643        2.1603969099928129E-027   2.7066568598768828E-027
   1.9824289315861212        2.1107593761341488E-027   2.6907804652613091E-027
   2.0014153194109889        2.0045765494153811E-027   2.6023724720178704E-027
   1.9905740379392869        2.0450282411605598E-027   2.6525983069504703E-027
   2.0122566008826910        2.0030860710658720E-027   2.5590401123289388E-027
   1.9917856525235385        2.0350118594146430E-027   2.6456737719624237E-027
   2.0110449862984394        2.0174636413515045E-027   2.5679635390057564E-027
   1.9938523037120266        2.0179760742826527E-027   2.6338598653719039E-027
   2.0089783351099513        2.0345689864103905E-027   2.5810518559110282E-027
   1.9965908713569767        1.9954977205550302E-027   2.6182000624527716E-027
   2.0062397674650012        2.0235967568668090E-027   2.5887946674653923E-027
   1.9997580878743333        1.9981325316889160E-027   2.6070181069816198E-027
   2.0030725509476444        2.0110661054585856E-027   2.5977174017433323E-027
   1.9903319153700343        2.0470324044986220E-027   2.6539819214579156E-027
   2.0124987234519436        2.0002204537074844E-027   2.5572576441728894E-027
   1.9910610411701877        2.0409996479060392E-027   2.6498151667690320E-027
   2.0117695976517900        2.0088575348137579E-027   2.5626261034475418E-027
   1.9927234537091474        2.0272736911642937E-027   2.6403132943255840E-027
   2.0101071851128305        2.0286350723037563E-027   2.5748745659101288E-027
   1.9951508491373990        2.0073038048677798E-027   2.6264351326767652E-027
   2.0076797896845786        2.0293502649127923E-027   2.5847264568552126E-027
   1.9981382124255105        1.9918773984541831E-027   2.6115498928716437E-027
   2.0046924263964674        2.0174537748423600E-027   2.5931581561229352E-027
   1.8900978453592590        2.5818494674173596E-027   3.1056357957041061E-027
   1.8792565638875569        2.6501209723389772E-027   3.1514583656766469E-027
   1.9009391268309610        2.5162661097438003E-027   3.0451788193429071E-027
   1.8804681784718087        2.6423394238884990E-027   3.1471557733011931E-027
   1.8997275122467092        2.5235928969843331E-027   3.0519511884346456E-027
   1.8825348296602966        2.6290692509365629E-027   3.1398027193281416E-027
   1.8976608610582213        2.5360920884426084E-027   3.0634938701689041E-027
   1.8852733973052467        2.6114905783130336E-027   3.1300316457206861E-027
   1.8949222934132712        2.5526582895709046E-027   3.0787716712529691E-027
   1.8884406138226033        2.5918783665610589E-027   3.1148486448992264E-027
   1.8917550768959146        2.5718212537309151E-027   3.0964151292732625E-027
   1.8790144413183045        2.6516761341780708E-027   3.1523174381449814E-027
   1.9011812494002134        2.5148020688601398E-027   3.0438250050447533E-027
   1.8797435671184579        2.6469930718999542E-027   3.1497296935719617E-027
   1.9004521236000600        2.5192109762440630E-027   3.0479014062225359E-027
   1.8814059796574176        2.6363172556117922E-027   3.1438213228600681E-027
   1.8987897110611003        2.5292644745674340E-027   3.0571904122066456E-027
   1.8838333750856691        2.6207330971845876E-027   3.1351734582331456E-027
   1.8963623156328488        2.5439468524017610E-027   3.0707406732678911E-027
   1.8868207383737805        2.6016817218553182E-027   3.1238461765092863E-027
   1.8933749523447374        2.5620198938614538E-027   3.0873948474496382E-027
   1.9123613401696047        2.4753360288117440E-027   2.9933011540176682E-027
   1.9015200586979026        2.5127534536960373E-027   3.0419303164197590E-027
   1.9232026216413067        2.4193522808367299E-027   2.9460796745473957E-027
   1.9027316732821544        2.5074182972985028E-027   3.0360113591288961E-027
   1.9219910070570549        2.4272291067327365E-027   2.9512732936844922E-027
   1.9047983244706423        2.5005582117696041E-027   3.0268740969931657E-027
   1.9199243558685670        2.4406728640487836E-027   2.9601196906219505E-027
   1.9075368921155924        2.4914464736160814E-027   3.0147416395827034E-027
   1.9171857882236170        2.4585030161839774E-027   2.9718181031133371E-027
   1.9107041086329490        2.4808784690368317E-027   3.0006757032423427E-027
   1.9140185717062603        2.4697848519212958E-027   2.9859166382908509E-027
   1.9012779361286503        2.5142174439387529E-027   3.0432843441599472E-027
   1.9234447442105591        2.4177786550584738E-027   2.9450411696940549E-027
   1.9020070619288036        2.5098203039310396E-027   3.0392112942308666E-027
   1.9227156184104057        2.4225179005037001E-027   2.9481678692008797E-027
   1.9036694744677634        2.5043070568851952E-027   3.0318670447132177E-027
   1.9210532058714460        2.4333283153681952E-027   2.9552895310309430E-027
   1.9060968698960148        2.4962407191921579E-027   3.0211247180874018E-027
   1.9186258104431946        2.4491252156703337E-027   2.9656701656361610E-027
   1.9090842331841262        2.4862875000780701E-027   3.0078743353550473E-027
   1.9156384471550831        2.4643503945502651E-027   2.9786890007384988E-027
