 log10Enu, nu, nubar
   1.3377534386277083        5.2559831799367442E-027   5.3710723422281900E-027
  0.73735070780479017        1.3518830643739104E-026   1.5308868502559517E-026
   1.9381561694506266        0.0000000000000000        0.0000000000000000     
  0.80445132750444770        1.2138581486586462E-026   1.3871823009035606E-026
   1.8710555497509689        3.3710322730152266E-029   4.1210465566383386E-029
  0.91890486516652126        1.0441601301096428E-026   1.1565597597213016E-026
   1.7566020120888954        5.5386569300470941E-027   6.3771664852612361E-027
   1.0705699148069345        8.2426588407112876E-027   8.6436657881337656E-027
   1.6049369624484822        9.1247620673666845E-027   9.9142915184753538E-027
   1.2459740357212290        5.7089038357465035E-027   5.9273850776912582E-027
   1.4295328415341877        9.2977230389870991E-027   9.6619312322858188E-027
  0.72394167934699782        1.3794346650919071E-026   1.5588929205121797E-026
   1.9515651979084190        0.0000000000000000        0.0000000000000000     
  0.76432151107336366        1.2956103532083176E-026   1.4735043809907764E-026
   1.9111853661820530        0.0000000000000000        0.0000000000000000     
  0.85638784389120937        1.1387298407428536E-026   1.2844014291158768E-026
   1.8191190333642073        2.1232283324118883E-027   2.4756174843624741E-027
  0.99081981558325261        9.3555590232269107E-027   1.0103074467710675E-026
   1.6846870616721641        8.5145875943744417E-027   9.4120457962848625E-027
   1.1562634562473133        6.9665621845754339E-027   7.1697907597850219E-027
   1.5192434210081034        8.6467677598714483E-027   9.2673998077007238E-027
   1.0295089032219003        8.8197533515727511E-027   9.3926109889830963E-027
  0.72930753781044122        1.3684448460572437E-026   1.5477286883460224E-026
   1.3297102686333593        5.2239895416135347E-027   5.2701657930644816E-027
  0.76285784766026987        1.2986919802093863E-026   1.4766532307659060E-026
   1.2961599587835306        5.2638311635741769E-027   5.3061245808413215E-027
  0.82008461649130671        1.1916865416017975E-026   1.3567105217964199E-026
   1.2389331899524938        5.7906372145913476E-027   6.0254964491177637E-027
  0.89591714131151334        1.0788541863976315E-026   1.2034725794909009E-026
   1.1631006651322873        6.8735685281506833E-027   7.0598210790843535E-027
  0.98361920176866058        9.4669290779573880E-027   1.0251325685475677E-026
   1.0753986046751400        8.1685852400437436E-027   8.5586058477365828E-027
  0.72260302358154505        1.3821688709611184E-026   1.5616691152610639E-026
   1.3364147828622555        5.2506035261593871E-027   5.3540143252869089E-027
  0.74279293944472791        1.3406180013785643E-026   1.5194193471793436E-026
   1.3162248669990726        5.1720791920601127E-027   5.1091904365982488E-027
  0.78882610585365076        1.2435817346505080E-026   1.4202244713963237E-026
   1.2701917005901497        5.4267175347347767E-027   5.5903404582591816E-027
  0.85604209169967238        1.1392436274228865E-026   1.2850997185529746E-026
   1.2029757147441282        6.3060760651342382E-027   6.4850446708783991E-027
  0.93876391203170273        1.0147870937337969E-026   1.1166409665667236E-026
   1.1202538944120977        7.4742456761304592E-027   7.7649501422810057E-027
   1.6459979740335164        9.5115145973953279E-027   1.0436250156860352E-026
   1.3457966086220574        5.2887763406681749E-027   5.4758518797018544E-027
   1.9461993394449755        0.0000000000000000        0.0000000000000000     
   1.3793469184718861        7.2380278478036409E-027   7.5752764168813756E-027
   1.9126490295951468        0.0000000000000000        0.0000000000000000     
   1.4365736873029229        9.3366109833806268E-027   9.6645135836768338E-027
   1.8554222607641100        6.9233778090957136E-029   8.6174766373017535E-029
   1.5124062121231294        8.7029595297483504E-027   9.2941706952039324E-027
   1.7795897359439035        4.7007605893193254E-027   5.5458636943901266E-027
   1.6001082725802767        9.0481466192934332E-027   9.8575454327862486E-027
   1.6918876754867562        8.2352903052410604E-027   9.1143190466953351E-027
   1.3390920943931612        5.2613849788051559E-027   5.3882376187367066E-027
   1.9529038536738716        0.0000000000000000        0.0000000000000000     
   1.3592820102563441        5.7514014451573129E-027   6.0184643426892249E-027
   1.9327139378106888        0.0000000000000000        0.0000000000000000     
   1.4053151766652670        8.6643065355451930E-027   9.0674612922231322E-027
   1.8866807714017659        4.0228223268882083E-030   7.3603739338486212E-030
   1.4725311625112885        9.1502440332078864E-027   9.5061271434598648E-027
   1.8194647855557444        2.0498740705222205E-027   2.3902888329780418E-027
   1.5552529828433190        8.5232961197299727E-027   9.3249222242257426E-027
   1.7367429652237139        6.2740621174526291E-027   7.1848486858560304E-027
   1.4918757063306125        8.9012064296835624E-027   9.3883059531874535E-027
   1.3417750236248831        5.2722783490707173E-027   5.4229665119157821E-027
   1.6419763890363419        9.5224293392195861E-027   1.0426064420157385E-026
   1.3585501785497973        5.7045111250454886E-027   5.9693642865164623E-027
   1.6252012341114277        9.4288215008254112E-027   1.0220376635717871E-026
   1.3871635629653158        7.8574884874628442E-027   8.2239336256419253E-027
   1.5965878496959092        8.9932238312468548E-027   9.8167718336786827E-027
   1.4250798253754191        9.2735337865256218E-027   9.6603198419855277E-027
   1.5586715872858059        8.5464353170873640E-027   9.3502805090102958E-027
   1.4689308556039926        9.1824885986544712E-027   9.5281795686327558E-027
   1.5148205570572324        8.6831766469630065E-027   9.2847566980548000E-027
   1.3384227665104349        5.2586813044787239E-027   5.3796415204521134E-027
   1.6453286461507901        9.5214761199209596E-027   1.0444945013135376E-026
   1.3485177244420263        5.3000559050591735E-027   5.5122098232084733E-027
   1.6352336882191987        9.4892188939172708E-027   1.0344045620546514E-026
   1.3715343076464879        6.6098863781252496E-027   6.9174507977581243E-027
   1.6122171050147371        9.2342467122857428E-027   1.0016520499796698E-026
   1.4051423005694985        8.6560765535948414E-027   9.0588572762096504E-027
   1.5786091120917265        8.7439138285657378E-027   9.5799640834282608E-027
   1.4465032107355138        9.3798780465296013E-027   9.6626052684528196E-027
   1.5372482019257112        8.5154057837854676E-027   9.2534033274840269E-027
   1.8001202417364206        3.9060758368143949E-027   4.5788106594679169E-027
   1.6500195590306910        9.4515587833779975E-027   1.0383878673299966E-026
   1.9502209244421502        0.0000000000000000        0.0000000000000000     
   1.6667947139556054        9.1194911072379942E-027   1.0061519501830195E-026
   1.9334457695172358        0.0000000000000000        0.0000000000000000     
   1.6954080983711237        8.0918219418368617E-027   8.9641456498093804E-027
   1.9048323851017175        0.0000000000000000        0.0000000000000000     
   1.7333243607812272        6.4268995459629653E-027   7.3330209189969818E-027
   1.8669161226916140        4.7722423422416736E-029   5.4187760584752454E-029
   1.7771753910098007        4.7849212710101797E-027   5.6299961150524743E-027
   1.8230650924630405        1.4190630899755243E-027   1.6561712686736454E-027
   1.6466673019162430        9.5015481565145392E-027   1.0427549144629272E-026
   1.9535731815565982        0.0000000000000000        0.0000000000000000     
   1.6567622598478344        9.3506450664013795E-027   1.0295576696103852E-026
   1.9434782236250068        0.0000000000000000        0.0000000000000000     
   1.6797788430522957        8.7076348511522198E-027   9.6176238202364277E-027
   1.9204616404205455        0.0000000000000000        0.0000000000000000     
   1.7133868359753066        7.2621734068319757E-027   8.1405190085629886E-027
   1.8868536474975346        3.9294879341655913E-030   7.1946746871635399E-030
   1.7547477461413219        5.6097952741816649E-027   6.4471524541897450E-027
   1.8454927373315193        1.5653313140457879E-028   1.9322369917739935E-028
   1.7230591078849686        6.8832559996348915E-027   7.7734656853169082E-027
   1.6480087665321039        9.4815586986658788E-027   1.0410092101155672E-026
   1.7981094492378333        3.9989360349645633E-027   4.6750612482441967E-027
   1.6563963439945610        9.3561338485843993E-027   1.0300384507332981E-026
   1.7897218717753762        4.3508204733491336E-027   5.0750610513085144E-027
   1.6707030362023203        8.9982917327127308E-027   9.9307057466318231E-027
   1.7754151795676170        4.8469272706660329E-027   5.6918377674403023E-027
   1.6896611674073718        8.3211512668348505E-027   9.2058839434051444E-027
   1.7564570483625654        5.5441966559178502E-027   6.3826211246504295E-027
   1.7115866825216588        7.3340031122481298E-027   8.2097956660440045E-027
   1.7345315332482785        6.3726470358102292E-027   7.2804863256297262E-027
   1.6463326379748797        9.5065319908952426E-027   1.0431900419813068E-026
   1.7997855777950575        3.9214095777247428E-027   4.5947221589364554E-027
   1.6513801169406754        9.4312352324509862E-027   1.0366110629014343E-026
   1.7947380988292618        4.1585962325654101E-027   4.8399564272931618E-027
   1.6628884085429063        9.2411522413842543E-027   1.0192793412765237E-026
   1.7832298072270309        4.5732690689162197E-027   5.3796840428659490E-027
   1.6796924050044117        8.7110537755180370E-027   9.6212631690757633E-027
   1.7664258107655255        5.1718066858210592E-027   6.0141474166418263E-027
   1.7003728600874193        7.8515180043430846E-027   8.7250190173863523E-027
   1.7457453556825180        5.9283528592365048E-027   6.8077997319810758E-027
   1.8771813755878726        1.8449170232209899E-029   2.5232461634098877E-029
   1.8021310342350079        3.8149559800649528E-027   4.4841087628827628E-027
   1.9522317169407373        0.0000000000000000        0.0000000000000000     
   1.8105186116974650        3.1231350077502460E-027   3.6680048692626685E-027
   1.9438441394782802        0.0000000000000000        0.0000000000000000     
   1.8248253039052242        1.1842072372746282E-027   1.3826694109596443E-027
   1.9295374472705209        0.0000000000000000        0.0000000000000000     
   1.8437834351102758        1.7831187435415644E-028   2.2082063076132755E-028
   1.9105793160654694        0.0000000000000000        0.0000000000000000     
   1.8657089502245627        5.1783652929518189E-029   5.7949064803759159E-029
   1.8886538009511824        2.9553889038244400E-030   5.4653285070915360E-030
   1.8004549056777837        3.8907903035314403E-027   4.5629420591211523E-027
   1.9539078454979615        0.0000000000000000        0.0000000000000000     
   1.8055023846435794        3.6659128240494184E-027   4.3286127426083227E-027
   1.9488603665321658        0.0000000000000000        0.0000000000000000     
   1.8170106762458103        2.5311804973956035E-027   2.9519558060604371E-027
   1.9373520749299349        0.0000000000000000        0.0000000000000000     
   1.8338146727073157        4.6589039800033842E-028   5.5828195992692301E-028
   1.9205480784684295        0.0000000000000000        0.0000000000000000     
   1.8544951277903232        7.5386242295237226E-029   9.3330722940390194E-029
   1.8998676233854219        6.5022543829255391E-032   1.9937860695685172E-031
   1.4148145724791603        9.1341227809497493E-027   9.5586158399925538E-027
   1.3397642311262956        5.2641055975995655E-027   5.3968969871106870E-027
   1.4898649138320250        8.9273773500791585E-027   9.4007257414603315E-027
   1.3481518085887527        5.2985335933303556E-027   5.5072933588779002E-027
   1.4814773363695679        9.0360607180594946E-027   9.4520900528817576E-027
   1.3624585007965120        5.9603910190927466E-027   6.2373058818919250E-027
   1.4671706441618086        9.1981971264905599E-027   9.5389132335500137E-027
   1.3814166320015635        7.4162509614134668E-027   7.7619288855973225E-027
   1.4482125129567571        9.3650454024730982E-027   9.6525377461599566E-027
   1.4033421471158505        8.5710335288702312E-027   8.9699487410628633E-027
   1.4262869978424702        9.2800605789746887E-027   9.6607550177232281E-027
   1.3380881025690714        5.2573315493307067E-027   5.3753535729249164E-027
   1.4915410423892492        8.9055652302171068E-027   9.3903758767610568E-027
   1.3431355815348671        5.2778369974039309E-027   5.4407462475822784E-027
   1.4864935634234535        8.9711562976931419E-027   9.4214570127878607E-027
   1.3546438731370980        5.4618848038854393E-027   5.7153083722859258E-027
   1.4749852718212226        9.1196388392856667E-027   9.4913589324192585E-027
   1.3714478695986034        6.6033108220503024E-027   6.9105647126476954E-027
   1.4581812753597172        9.2778455478752577E-027   9.5932411854755888E-027
   1.3921283246816110        8.0671256539587299E-027   8.4431173953521450E-027
   1.4375008202767097        9.3417910812109731E-027   9.6648568076304050E-027
   1.5689368401820645        8.6266918970415158E-027   9.4403675836583657E-027
   1.4938864988291998        8.8749913119469505E-027   9.3758450505015458E-027
   1.6439871815349292        9.5324562653522141E-027   1.0450898617367005E-026
   1.5022740762916569        8.7852722810605793E-027   9.3332136283367790E-027
   1.6355996040724721        9.4910050166382181E-027   1.0348447562155362E-026
   1.5165807684994161        8.6687127307700913E-027   9.2778662839235249E-027
   1.6212929118647128        9.3692098829936752E-027   1.0157936740403939E-026
   1.5355388997044677        8.5276321999867966E-027   9.2535609821836451E-027
   1.6023347806596613        9.0832879504045598E-027   9.8835922172668835E-027
   1.5574644148187546        8.5382364531789066E-027   9.3412953471647681E-027
   1.5804092655453743        8.7661980655761714E-027   9.6065204068992958E-027
   1.4922103702719758        8.8968464048661673E-027   9.3862348907338080E-027
   1.6456633100921532        9.5164959743058397E-027   1.0440598354918052E-026
   1.4972578492377715        8.8309399293447917E-027   9.3548603385561738E-027
   1.6406158311263574        9.5156770796143176E-027   1.0409359317763699E-026
   1.5087661408400022        8.7326630418379779E-027   9.3082833166892278E-027
   1.6291075395241268        9.4595872785299427E-027   1.0271170144881719E-026
   1.5255701373015076        8.5983286044582098E-027   9.2544682270503211E-027
   1.6123035430626214        9.2355097244504355E-027   1.0017844223165181E-026
   1.5462505923845151        8.4635186983216946E-027   9.2594125879038208E-027
   1.5916230879796138        8.9170778767007827E-027   9.7601108014900080E-027
   1.8386508086621465        2.8018101393241879E-028   3.4491508825732704E-028
   1.8011256379857141        3.8602997960034776E-027   4.5312671186545538E-027
   1.8761759793385788        2.0418400655588267E-029   2.7538018309573652E-029
   1.8053194267169428        3.6739843837223063E-027   4.3370814463503696E-027
   1.8719821906073502        3.0555275010091864E-029   3.8288420830945534E-029
   1.8124727728208223        2.9326611368558891E-027   3.4370593065501721E-027
   1.8648288445034706        5.4737441127145907E-029   6.0684713205397704E-029
   1.8219518384233482        1.5904940516957216E-027   1.8557422206697646E-027
   1.8553497789009448        6.9696577708295238E-029   8.6714402632143438E-029
   1.8329145959804916        5.1181799583642566E-028   6.1026928311833775E-028
   1.8443870213438014        1.7030538028202581E-028   2.1066488804389089E-028
   1.8002875737071020        3.8984270508163224E-027   4.5708710014870167E-027
   1.8770140436171909        1.8777233147330160E-029   2.5616554645740257E-029
   1.8028113131899999        3.7845188234804317E-027   4.4524175940420843E-027
   1.8744903041342931        2.3709854841269246E-029   3.1391622275734882E-029
   1.8085654589911153        3.3249332551040454E-027   3.9131951625212728E-027
   1.8687361583331776        4.1577989386262818E-029   4.8497098280841256E-029
   1.8169674572218679        2.5347505468640034E-027   2.9562586778539961E-027
   1.8603341601024250        4.3965214376312371E-029   5.6311411158783785E-029
   1.8273076847633718        9.1637700128874757E-028   1.0706067624440631E-027
   1.8499939325609212        1.1080450125510225E-028   1.3560771675950321E-028
   1.9157119425135987        0.0000000000000000        0.0000000000000000     
   1.8781867718371663        1.6475375738993269E-029   2.2921561388080987E-029
   1.9532371131900310        0.0000000000000000        0.0000000000000000     
   1.8823805605683948        8.1926667352632902E-030   1.3224242675218686E-029
   1.9490433244588026        0.0000000000000000        0.0000000000000000     
   1.8895339066722745        2.4776745175902889E-030   4.6172283414336970E-030
   1.9418899783549228        0.0000000000000000        0.0000000000000000     
   1.8990129722748004        7.9704676784896411E-032   2.4439842690634314E-031
   1.9324109127523970        0.0000000000000000        0.0000000000000000     
   1.9099757298319437        0.0000000000000000        0.0000000000000000     
   1.9214481551952536        0.0000000000000000        0.0000000000000000     
   1.8773487075585542        1.8120980891373301E-029   2.4848220604403943E-029
   1.9540751774686431        0.0000000000000000        0.0000000000000000     
   1.8798724470414521        1.3155787003913046E-029   1.9035017752996901E-029
   1.9515514379857453        0.0000000000000000        0.0000000000000000     
   1.8856265928425675        4.5911614011524100E-030   8.3693627290846007E-030
   1.9457972921846298        0.0000000000000000        0.0000000000000000     
   1.8940285910733201        1.6475859749268864E-031   5.0519923887501169E-031
   1.9373952939538772        0.0000000000000000        0.0000000000000000     
   1.9043688186148240        0.0000000000000000        0.0000000000000000     
   1.9270550664123733        0.0000000000000000        0.0000000000000000     
   1.6845285409592425        8.5207888410070613E-027   9.4186521738806137E-027
   1.6470033702828102        9.4965421734584109E-027   1.0423178062245272E-026
   1.7220537116356749        6.9220899707235795E-027   7.8112105186907801E-027
   1.6511971590140386        9.4339693541554746E-027   1.0368501414403114E-026
   1.7178599229044464        7.0854626792769002E-027   7.9696811556745331E-027
   1.6583505051179184        9.3268049705264349E-027   1.0274687644230182E-026
   1.7107065768005667        7.3692699585000520E-027   8.2437744543476222E-027
   1.6678295707204442        9.0873480121355329E-027   1.0026830317478258E-026
   1.7012275111980408        7.8106049431258124E-027   8.6842317856079074E-027
   1.6787923282775876        8.7466942158854135E-027   9.6591983372523804E-027
   1.6902647536408975        8.2978306560974036E-027   9.1810174940759288E-027
   1.6461653060041981        9.5090234477372318E-027   1.0434075480657154E-026
   1.7228917759142870        6.8897103674623335E-027   7.7797410808326493E-027
   1.6486890454870959        9.4714142197956580E-027   1.0401229923757557E-026
   1.7203680364313891        6.9874884573884904E-027   7.8747084315038758E-027
   1.6544431912882114        9.3854075569500081E-027   1.0326016618559853E-026
   1.7146138906302737        7.2134461658034383E-027   8.0934694835368714E-027
   1.6628451895189640        9.2425011752910821E-027   1.0194248716831519E-026
   1.7062118923995211        7.5746510076817688E-027   8.4485694669873538E-027
   1.6731854170604679        8.9215897106715803E-027   9.8478993051272580E-027
   1.6958716648580172        8.0691940794751049E-027   8.9416602091367234E-027
   1.7615896748106947        5.3502980815578201E-027   6.1912246740412112E-027
   1.7240645041342624        6.8445506448557090E-027   7.7358163931023154E-027
   1.7991148454871271        3.9522869614112328E-027   4.6267413733034777E-027
   1.7282582928654910        6.6579564999315072E-027   7.5560154906677688E-027
   1.7949210567558984        4.1498027165614154E-027   4.8308937102538505E-027
   1.7354116389693706        6.3332882042569384E-027   7.2423312984553425E-027
   1.7877677106520189        4.4169628975764340E-027   5.1653681507507529E-027
   1.7448907045718964        5.9586663504664520E-027   6.8428720923952409E-027
   1.7782886450494930        4.7459873670387106E-027   5.5911033970260329E-027
   1.7558534621290398        5.5673021080281834E-027   6.4053631951889172E-027
   1.7673258874923496        5.1389518661405034E-027   5.9815065286981875E-027
   1.7232264398556503        6.8768051945139144E-027   7.7671929363166173E-027
   1.7999529097657392        3.9137366747181102E-027   4.5867610422292335E-027
   1.7257501793385481        6.7743752707348444E-027   7.6679249148185703E-027
   1.7974291702828413        4.0307499595460659E-027   4.7079775628379185E-027
   1.7315043251396636        6.5092801871227475E-027   7.4126644805159317E-027
   1.7916750244817259        4.2854105006693930E-027   4.9859818870662427E-027
   1.7399063233704162        6.1373479447810537E-027   7.0496316357576545E-027
   1.7832730262509733        4.5717624459495501E-027   5.3776122851530861E-027
   1.7502465509119201        5.7702677586036919E-027   6.6249190643029514E-027
   1.7729327987094694        4.9353041693893744E-027   5.7797738523745358E-027
   1.5304062732563386        8.5641614959750958E-027   9.2540306856079724E-027
   1.4928811025799062        8.8881043778137397E-027   9.3820806448632214E-027
   1.5679314439327710        8.6147455547137216E-027   9.4261502890939780E-027
   1.4970748913111349        8.8333336743855426E-027   9.3560021208696630E-027
   1.5637376552015423        8.5811796514576266E-027   9.3883571004058190E-027
   1.5042282374150144        8.7694859918093047E-027   9.3257415848227890E-027
   1.5565843090976628        8.5322782475468694E-027   9.3347657392154949E-027
   1.5137073030175403        8.6923066013538705E-027   9.2891028076931919E-027
   1.5471052434951369        8.4691227373913792E-027   9.2655539799756330E-027
   1.5246700605746837        8.6046606372780003E-027   9.2545491258573851E-027
   1.5361424859379935        8.5233183187104746E-027   9.2535053819416448E-027
   1.4920430383012941        8.8990265702290031E-027   9.3872705643377879E-027
   1.5687695082113831        8.6247005529490804E-027   9.4379975731301366E-027
   1.4945667777841920        8.8661124188852601E-027   9.3716200363608101E-027
   1.5662457687284852        8.5985843361404070E-027   9.4074311302493876E-027
   1.5003209235853074        8.8010078106064106E-027   9.3406542380563726E-027
   1.5604916229273698        8.5588547507388268E-027   9.3638910348051263E-027
   1.5087229218160600        8.7330148276818700E-027   9.3084502961950967E-027
   1.5520896246966172        8.5021014197065088E-027   9.3016950193244441E-027
   1.5190631493575639        8.6482560078890147E-027   9.2681100809554139E-027
   1.5417493971551133        8.4830629982278662E-027   9.2529851994227921E-027
   1.6074674071077903        9.1654922105760438E-027   9.9444518145049318E-027
   1.5699422364313580        8.6386825513425433E-027   9.4546393478589878E-027
   1.6449925777842227        9.5264759240627478E-027   1.0449308361805665E-026
   1.5741360251625867        8.6891813701708444E-027   9.5147641110023063E-027
   1.6407987890529940        9.5165835654029265E-027   1.0411601097187165E-026
   1.5812893712664662        8.7771473730012434E-027   9.6195709613999227E-027
   1.6336454429491145        9.4814875865594048E-027   1.0325003674297311E-026
   1.5907684368689921        8.9041221472828812E-027   9.7504549531577112E-027
   1.6241663773465886        9.4129482151995789E-027   1.0203751547110586E-026
   1.6017311944261354        9.0737301679269628E-027   9.8765111706000682E-027
   1.6132036197894453        9.2486866709610883E-027   1.0031654202251771E-026
   1.5691041721527459        8.6286844685831807E-027   9.4427391030045901E-027
   1.6458306420628348        9.5140054396559647E-027   1.0438424448316152E-026
   1.5716279116356437        8.6588864030629778E-027   9.4786907173498181E-027
   1.6433069025799369        9.5290576376881390E-027   1.0442477372471996E-026
   1.5773820574367592        8.7288091956493446E-027   9.5619671275295789E-027
   1.6375527567788215        9.5005700342434669E-027   1.0372038547287041E-026
   1.5857840556675118        8.8336287029747649E-027   9.6869140604315977E-027
   1.6291507585480689        9.4597945421722780E-027   1.0271678887776461E-026
   1.5961242832090157        8.9860495146499046E-027   9.8114398997857904E-027
   1.6188105310065650        9.3318189125140600E-027   1.0118764908449283E-026
   1.3762840055534342        6.9835896981565845E-027   7.3088094985886059E-027
   1.3387588348770019        5.2600381201001259E-027   5.3839542349024893E-027
   1.4138091762298666        9.0827185472283766E-027   9.5048782071495652E-027
   1.3429526236082305        5.2770881557169775E-027   5.4383487233874868E-027
   1.4096153874986379        8.8726443933075317E-027   9.2852648380824900E-027
   1.3501059697121101        5.3066834246310190E-027   5.5336487724211386E-027
   1.4024620413947584        8.5298869816605749E-027   8.9269316085022767E-027
   1.3595850353146359        5.7709530069315973E-027   6.0389373627665731E-027
   1.3929829757922325        8.1040202158262293E-027   8.4816914729154870E-027
   1.3705477928717793        6.5353041202521455E-027   6.8393466785006288E-027
   1.3820202182350891        7.4692108217226038E-027   7.8173941462136515E-027
   1.3379207705983898        5.2566571915200844E-027   5.3732121187951029E-027
   1.4146472405084787        9.1255389675956977E-027   9.5496424022938709E-027
   1.3404445100812876        5.2668649003699992E-027   5.4056891149330197E-027
   1.4121235010255808        8.9974444040419512E-027   9.4157325084226396E-027
   1.3461986558824031        5.2904369506509455E-027   5.4811943623060282E-027
   1.4063693552244654        8.7147330371362253E-027   9.1201793798250518E-027
   1.3546006541131557        5.4592708713575013E-027   5.7125713433100989E-027
   1.3979673569937128        8.3240734356824561E-027   8.7117582166918336E-027
   1.3649408816546595        6.1301031108073942E-027   6.4150221148652043E-027
   1.3876271294522089        7.8767295956651076E-027   8.2440511987041603E-027
   1.4533451394048864        9.3202968251349056E-027   9.6221320249585939E-027
   1.4158199687284541        9.1859380929177791E-027   9.6127828944031463E-027
   1.4908703100813188        8.9142974321660719E-027   9.3945209828980917E-027
   1.4200137574596825        9.2463895254145634E-027   9.6585069099384917E-027
   1.4866765213500903        8.9687837127643363E-027   9.4203349158409407E-027
   1.4271671035635622        9.2848333799236940E-027   9.6610730642819084E-027
   1.4795231752462106        9.0612687947941135E-027   9.4639549280806120E-027
   1.4366461691660881        9.3370154538636061E-027   9.6645403895768744E-027
   1.4700441096436847        9.1725346642783416E-027   9.5213747838372407E-027
   1.4476089267232315        9.3702870699800322E-027   9.6560961016634194E-027
   1.4590813520865413        9.2699139561931943E-027   9.5878382265285099E-027
   1.4149819044498420        9.1427179811663701E-027   9.5676011726636900E-027
   1.4917083743599309        8.9033859830671401E-027   9.3893410573170981E-027
   1.4175056439327398        9.2330967336007273E-027   9.6576172828436542E-027
   1.4891846348770330        8.9362212797266081E-027   9.4049182307262382E-027
   1.4232597897338553        9.2637363006680993E-027   9.6596660533892728E-027
   1.4834304890759176        9.0108226031353854E-027   9.4401927980983423E-027
   1.4316617879646079        9.3093981361090720E-027   9.6627075766176072E-027
   1.4750284908451650        9.1190840337722287E-027   9.4910989127615435E-027
   1.4420020155061117        9.3671393787665959E-027   9.6665337758190303E-027
   1.4646882633036611        9.2202878606867583E-027   9.5539972923834480E-027
   1.8193855251992836        2.0664678168163885E-027   2.4095919786434989E-027
   1.8006229398610676        3.8831336097655949E-027   4.5549906166856224E-027
   1.8381481105374997        2.9546729203950336E-028   3.6271062100517697E-028
   1.8027198342266819        3.7886003829355285E-027   4.4566690045290174E-027
   1.8360512161718854        3.6851594790684066E-028   4.4711831072607947E-028
   1.8062965072786217        3.5745267621700401E-027   4.2171444858635643E-027
   1.8324745431199456        5.3585548235464058E-028   6.3737839315544348E-028
   1.8110360400798844        3.0716130633938936E-027   3.6054878703295886E-027
   1.8277350103186829        8.7668001458905012E-028   1.0243366356670268E-027
   1.8165174188584561        2.5722044644065875E-027   3.0014129083875356E-027
   1.8222536315401112        1.5421171308255767E-027   1.7994297829945231E-027
   1.8002039077217615        3.9022499381517868E-027   4.5748394904527436E-027
   1.8385671426768058        2.8267037968841312E-028   3.4781652157181180E-028
   1.8014657774632103        3.8449111191440139E-027   4.5152697796393262E-027
   1.8373052729353569        3.2294646237048195E-028   3.9457963912923552E-028
   1.8043428503637682        3.7167094133879206E-027   4.3817089879536889E-027
   1.8344282000347991        4.3692076001587666E-028   5.2535161226357680E-028
   1.8085438494791444        3.3272321210328206E-027   3.9159912737161958E-027
   1.8302272009194229        6.7690285691894795E-028   7.9523989013108813E-028
   1.8137139632498964        2.8173442367850737E-027   3.2974816365075683E-027
   1.8250570871486709        1.1562650570947486E-027   1.3501211456921632E-027
   1.8579160921250095        5.5013774177808707E-029   6.9474327695127155E-029
   1.8391535067867932        2.6566924001505910E-028   3.2797354120100896E-028
   1.8766786774632258        1.9434355292452958E-029   2.6385907145226344E-029
   1.8412504011524076        2.1607746597216820E-028   2.6886928205418415E-028
   1.8745817830976115        2.3531560409425984E-029   3.1182876812199431E-029
   1.8448270742043473        1.6468903143872092E-028   2.0354793978421621E-028
   1.8710051100456717        3.3881867865014169E-029   4.1369341945661620E-029
   1.8495666070056103        1.1451683891501206E-028   1.4026581890673695E-028
   1.8662655772444088        4.9912423183572372E-029   5.6216026982121713E-029
   1.8550479857841820        7.1656174623462591E-029   8.8996860507799093E-029
   1.8607841984658371        4.2162730109622887E-029   5.4145379225579846E-029
   1.8387344746474872        2.7771309773787125E-028   3.4203730623776123E-028
   1.8770977096025319        1.8613217489940104E-029   2.5424526638611821E-029
   1.8399963443889362        2.4297156050624778E-028   3.0137583645566448E-028
   1.8758358398610828        2.1083587210562110E-029   2.8316812545153763E-029
   1.8428734172894938        1.9107728727545683E-028   2.3703601878312458E-028
   1.8729587669605252        2.7222911966626225E-029   3.5202155661067213E-029
   1.8470744164048702        1.3869397532317118E-028   1.7068935589671118E-028
   1.8687577678451488        4.1504880956339334E-029   4.8429388971274944E-029
   1.8522445301756221        9.2622873608932143E-029   1.1319219827346079E-028
   1.8635876540743970        5.8892932166882742E-029   6.4533317661874737E-029
   1.6652632574963795        9.1671262379456118E-027   1.0112922947959036E-026
   1.6465006721581632        9.5040297696903256E-027   1.0429715844316373E-026
   1.6840258428345958        8.5404690090891972E-027   9.4396169052879852E-027
   1.6485975665237775        9.4727786681517643E-027   1.0402422013441073E-026
   1.6819289484689814        8.6228040334624113E-027   9.5273071644738633E-027
   1.6521742395757173        9.4193637114525878E-027   1.0355728226086110E-026
   1.6783522754170417        8.7626495117786734E-027   9.6762599453441400E-027
   1.6569137723769802        9.3483719493708654E-027   1.0293585426575614E-026
   1.6736127426157787        8.9084080455539353E-027   9.8336669977625703E-027
   1.6623951511555519        9.2565513016161739E-027   1.0209406489588429E-026
   1.6681313638372071        9.0779811497171917E-027   1.0016720991261239E-026
   1.6460816400188572        9.5102690609776262E-027   1.0435162866845534E-026
   1.6844448749739018        8.5240627177509862E-027   9.4221398645704522E-027
   1.6473435097603062        9.4914742909751630E-027   1.0418752451240960E-026
   1.6831830052324528        8.5735160419023615E-027   9.4748170472318170E-027
   1.6502205826608638        9.4485572159276329E-027   1.0381255018307683E-026
   1.6803059323318952        8.6868009689051715E-027   9.5954456185117329E-027
   1.6544215817762402        9.3857312135151448E-027   1.0326299921399856E-026
   1.6761049332165188        8.8316622809808749E-027   9.7507950566087196E-027
   1.6595916955469920        9.3081560171109865E-027   1.0258339541188149E-026
   1.6709348194457669        8.9911207441916372E-027   9.9229647028280665E-027
   1.7037938244221056        7.6885533881879416E-027   8.5624241630990758E-027
   1.6850312390838893        8.5011313084666422E-027   9.3977098037254917E-027
   1.7225564097603219        6.9026569130875506E-027   7.7923261706880722E-027
   1.6871281334495036        8.4193789659821990E-027   9.3105951659661198E-027
   1.7204595153947075        6.9839301178042862E-027   7.8712556343047428E-027
   1.6907048065014434        8.2808492788328458E-027   9.1629088898462930E-027
   1.7168828423427678        7.1238462730752068E-027   8.0068389619147561E-027
   1.6954443393027063        8.0900515166135592E-027   8.9623866018368356E-027
   1.7121433095415048        7.3117488840263380E-027   8.1883425483526483E-027
   1.7009257180812780        7.8250368846745620E-027   8.6986218505638523E-027
   1.7066619307629332        7.5535697140932292E-027   8.4274777080621756E-027
   1.6846122069445832        8.5175155912729998E-027   9.4151651026027292E-027
   1.7229754418996279        6.8864827382330391E-027   7.7766030523125231E-027
   1.6858740766860323        8.4682238084015856E-027   9.3626475037387307E-027
   1.7217135721581789        6.9352571438095280E-027   7.8240017156937822E-027
   1.6887511495865899        8.3563737977922254E-027   9.2434364629529289E-027
   1.7188364992576213        7.0472198569073689E-027   7.9326317857023659E-027
   1.6929521487019663        8.1944003423473181E-027   9.0707005321663869E-027
   1.7146355001422449        7.2125897423563476E-027   8.0926421531114369E-027
   1.6981222624727181        7.9598939680325569E-027   8.8329561026798719E-027
   1.7094653863714930        7.4230774037311981E-027   8.2967847891979947E-027
   1.7423243913478317        6.0502611072737075E-027   6.9488542822253967E-027
   1.7235618060096154        6.8638872402978134E-027   7.7546290852609424E-027
   1.7610869766860480        5.3690853141992594E-027   6.2098128622329659E-027
   1.7256587003752297        6.7786468872123123E-027   7.6720254920746111E-027
   1.7589900823204336        5.4479282936136891E-027   6.2877183150814933E-027
   1.7292353734271695        6.6129674069443332E-027   7.5126896085908948E-027
   1.7554134092684939        5.5841877938599711E-027   6.4219746757764373E-027
   1.7339749062284324        6.3976244545152427E-027   7.3046812314662741E-027
   1.7506738764672309        5.7553967028909042E-027   6.6077174107081621E-027
   1.7394562850070041        6.1545148186008395E-027   7.0685684108515516E-027
   1.7451924976886592        5.9479512511352974E-027   6.8304746924121476E-027
   1.7231427738703093        6.8800301517133882E-027   7.7703289799501698E-027
   1.7615060088253540        5.3534218536163939E-027   6.1943160048526332E-027
   1.7244046436117584        6.8314852177811562E-027   7.7231007769866396E-027
   1.7602441390839050        5.4006835257942024E-027   6.2410550899505675E-027
   1.7272817165123160        6.7031261514888818E-027   7.5994705510087334E-027
   1.7573670661833474        5.5094818076108539E-027   6.3484264183142267E-027
   1.7314827156276924        6.5102625335129503E-027   7.4136132615367626E-027
   1.7531660670679710        5.6691407322130731E-027   6.5079499766119159E-027
   1.7366528293984442        6.2780601187142846E-027   7.1887315810096037E-027
   1.7479959532972191        5.8489810317551931E-027   6.7159738359950314E-027
   1.7808549582735576        4.6565902097813929E-027   5.4944376775391972E-027
   1.7620923729353415        5.3315549435049932E-027   6.1726706951910882E-027
   1.7996175436117736        3.9291268347119159E-027   4.6027274955041480E-027
   1.7641892673009558        5.2538470409998357E-027   6.0956458542069212E-027
   1.7975206492461593        4.0264600774482777E-027   4.7035407726826367E-027
   1.7677659403528956        5.1227658439957593E-027   5.9655176330803809E-027
   1.7939439761942195        4.1969373158675283E-027   4.8794456801091494E-027
   1.7725054731541583        4.9506279152187428E-027   5.7949967864375679E-027
   1.7892044433929568        4.3682657086226348E-027   5.0988574018034819E-027
   1.7779868519327300        4.7565204326716717E-027   5.6016300747034291E-027
   1.7837230646143851        4.5560946100290860E-027   5.3560742840842508E-027
   1.7616733407960354        5.3471755309298249E-027   6.1881342908366846E-027
   1.8000365757510797        3.9099047484533345E-027   4.5827845096781959E-027
   1.7629352105374843        5.3002285450081595E-027   6.1416393447353965E-027
   1.7987747060096309        3.9680198268161545E-027   4.6430449987005019E-027
   1.7658122834380421        5.1942255037185094E-027   6.0364366095937964E-027
   1.7958976331090730        4.1031170890790739E-027   4.7827418856772798E-027
   1.7700132825534183        5.0406439542962909E-027   5.8842773294329438E-027
   1.7916966339936968        4.2846907041418782E-027   4.9850028969520276E-027
   1.7751833963241703        4.8551329555969767E-027   5.7000126916190289E-027
   1.7865265202229448        4.4593376712214370E-027   5.2233447024552377E-027
  0.87538663551899609        1.1102288250643459E-026   1.2457673703855766E-026
  0.72528595281326647        1.3766859591598286E-026   1.5561014403194080E-026
   1.0254873182247257        8.8751312180450702E-027   9.4656291025690274E-027
  0.74206110773818090        1.3421355674839310E-026   1.5209647528367131E-026
   1.0087121632998113        9.1042910426136154E-027   9.7689303716635134E-027
  0.77067449215369932        1.2821995437753442E-026   1.4597921529388505E-026
  0.98009877888429286        9.5211838704622129E-027   1.0323693776593948E-026
  0.80859075456380258        1.2080254490327354E-026   1.3791549256032515E-026
  0.94218251647418960        1.0096804500831874E-026   1.1097278712382013E-026
  0.85244178479237620        1.1445831119664657E-026   1.2923604481884049E-026
  0.89833148624561598        1.0751266674356618E-026   1.1984642615549231E-026
  0.72193369569881838        1.3835348421019571E-026   1.5630558547263396E-026
   1.0288395753391737        8.8289816096246677E-027   9.4047713149629766E-027
  0.73202865363040992        1.3628535439029190E-026   1.5420451627122841E-026
   1.0187446174075823        8.9676020369157452E-027   9.5877967034067647E-027
  0.75504523683487135        1.3150882687062308E-026   1.4933944931698113E-026
  0.99572803420312084        9.2795438736678907E-027   1.0002111402448064E-026
  0.78865322975788210        1.2439515390715139E-026   1.4206039570878482E-026
  0.96212004128011008        9.7961761605623462E-027   1.0691951208621022E-026
  0.83001413992389739        1.1774035943878570E-026   1.3371419040212630E-026
  0.92075913111409480        1.0414390744557121E-026   1.1528507433289414E-026
   1.1836311709248042        6.5931799868455636E-027   6.7296093753475587E-027
   1.0335304882190748        8.7642106716064778E-027   9.3194847187966384E-027
   1.3337318536305336        5.2398878784470586E-027   5.3201462588753952E-027
   1.0503056431439890        8.5308114793221314E-027   9.0134033903759000E-027
   1.3169566987056194        5.1748420127965934E-027   5.1176728475277326E-027
   1.0789190275595075        8.1144850698265465E-027   8.4965282269919092E-027
   1.2883433142901008        5.2997021928733996E-027   5.3845664359687821E-027
   1.1168352899696108        7.5274863122711323E-027   7.8255651059125877E-027
   1.2504270518799976        5.6571305488797456E-027   5.8653495441372860E-027
   1.1606863201981843        6.9064306810949448E-027   7.0986568572262008E-027
   1.2065760216514241        6.2524226675564882E-027   6.4400486594976069E-027
   1.0301782311046266        8.8105205280212038E-027   9.3804476668794779E-027
   1.3370841107449818        5.2532905916575993E-027   5.3625299787727457E-027
   1.0402731890362180        8.6707240976516771E-027   9.1966506688783721E-027
   1.3269891528133904        5.2133425645091234E-027   5.2368729235045177E-027
   1.0632897722406796        8.3483572914737290E-027   8.7755086141808033E-027
   1.3039725696089288        5.2275769237083052E-027   5.2274727267411196E-027
   1.0968977651636902        7.8370468480883571E-027   8.1788060065291503E-027
   1.2703645766859182        5.4246985057429043E-027   5.5879385229297261E-027
   1.1382586753297055        7.2103277998369310E-027   7.4590970338078568E-027
   1.2290036665199029        5.9186975010785794E-027   6.1585367891548462E-027
   1.8097528834678522        3.2008546435766205E-027   3.7623753913187387E-027
   1.8003715907987441        3.8945911492907305E-027   4.5668885544516193E-027
   1.8191341761369604        2.1199626143930229E-027   2.4718188198916647E-027
   1.8014200379815513        3.8469776014742325E-027   4.5174184225299333E-027
   1.8180857289541532        2.3580788939910192E-027   2.7487590951800091E-027
   1.8032083745075211        3.7668439405214373E-027   4.4340011120797059E-027
   1.8162973924281833        2.5907025044215828E-027   3.0237221740448334E-027
   1.8055781409081526        3.6571023444491603E-027   4.3178620639553203E-027
   1.8139276260275519        2.7979233344959441E-027   3.2739934819484340E-027
   1.8083188302974385        3.3512579458954893E-027   3.9452177486459143E-027
   1.8111869366382660        3.0567371186682509E-027   3.5874438188051163E-027
   1.8001620747290912        3.9041625109641268E-027   4.5768247398825367E-027
   1.8193436922066133        2.0752787232444113E-027   2.4198413650468995E-027
   1.8007930095998155        3.8753964975584964E-027   4.5469538349633456E-027
   1.8187127573358890        2.2127055106060349E-027   2.5796914840710795E-027
   1.8022315460500944        3.8104465080576657E-027   4.4794153340097753E-027
   1.8172742208856101        2.5095116827248920E-027   2.9258434090083924E-027
   1.8043320456077827        3.7171843474610257E-027   4.3822047389407858E-027
   1.8151737213279218        2.6871146901067367E-027   3.1400839845618005E-027
   1.8069171024931585        3.5045859022954525E-027   4.1318982785533005E-027
   1.8125886644425460        2.9217111499380137E-027   3.4237976190310513E-027
   1.8290181669307151        7.6731716642378749E-028   8.9683862867657095E-028
   1.8196368742616071        2.0142930950060494E-027   2.3488969965475288E-027
   1.8383994595998230        2.8772486521834240E-028   3.5370352994760040E-028
   1.8206853214444141        1.8102023411714158E-027   2.1114407977538770E-027
   1.8373510124170160        3.2139309840068706E-028   3.9278207190977653E-028
   1.8224736579703842        1.5077568891317658E-027   1.7594307053805514E-027
   1.8355626758910459        3.8792145209443435E-028   4.6938460534531648E-028
   1.8248434243710154        1.1819991796368160E-027   1.3800974366243664E-027
   1.8331929094904147        4.9716317681091034E-028   5.9370885800461305E-028
   1.8275841137603013        8.9050184211932661E-028   1.0404476756456539E-027
   1.8304522201011288        6.6128588598981115E-028   7.7785433623117837E-028
   1.8194273581919540        2.0576934750677845E-027   2.3993850231016697E-027
   1.8386089756694761        2.8142300426628476E-028   3.4636283668359439E-028
   1.8200582930626785        1.9296904085457960E-027   2.2504704818233750E-027
   1.8379780407987516        3.0082124813293314E-028   3.6893177194886733E-028
   1.8214968295129574        1.6662476754811405E-027   1.9439139548532273E-027
   1.8365395043484727        3.5007025637056986E-028   4.2589566916253853E-028
   1.8235973290706455        1.3436210520169628E-027   1.5683277830683230E-027
   1.8344390047907846        4.3642670481683712E-028   5.2478902718282530E-028
   1.8261823859560213        1.0295115075503260E-027   1.2024488719734491E-027
   1.8318539479054088        5.7164069656732429E-028   6.7761801403538283E-028
   1.8482834503935779        1.2640381501783473E-028   1.5520584148627921E-028
   1.8389021577244697        2.7283075819736020E-028   3.3634011303520267E-028
   1.8576647430626860        5.6306795425946849E-029   7.1003219803116590E-029
   1.8399506049072769        2.4415308807062398E-028   3.0276352916349897E-028
   1.8566162958798789        6.2027385268498689E-029   7.7741527650295957E-029
   1.8417389414332468        2.0823634614148381E-028   2.5887463483339993E-028
   1.8548279593539090        7.3118597692889912E-029   9.0697663775917589E-029
   1.8441087078338783        1.7395288258635886E-028   2.1529008117287938E-028
   1.8524581929532775        9.0833988239804274E-029   1.1114252785016721E-028
   1.8468493972231641        1.4110589868087685E-028   1.7373207182870205E-028
   1.8497175035639917        1.1319236814307599E-028   1.3860348580299733E-028
   1.8386926416548168        2.7894438596551426E-028   3.4347325263180401E-028
   1.8578742591323389        5.5226949882269235E-029   6.9726545052428980E-029
   1.8393235765255411        2.6092821225034121E-028   3.2242819102962530E-028
   1.8572433242616146        5.8541498197124642E-029   7.3640391853132602E-029
   1.8407621129758200        2.2420025569723265E-028   2.7923246114154816E-028
   1.8558047878113357        6.6840522449170002E-029   8.3380504923562090E-029
   1.8428626125335084        1.9123405094662033E-028   2.3723532044713699E-028
   1.8537042882536474        8.1052881278235064E-029   9.9889036741374393E-029
   1.8454476694188842        1.5707272486344831E-028   1.9390634457327771E-028
   1.8511192313682716        1.0157844519705019E-028   1.2404827530042779E-028
   1.8675487338564412        4.5589649341829197E-029   5.2212493702278852E-029
   1.8581674411873330        5.3749722786965931E-029   6.7977500135003148E-029
   1.8769300265255493        1.8941905306932063E-029   2.5809351279556054E-029
   1.8592158883701402        4.8775665923950092E-029   6.2065359772086289E-029
   1.8758815793427421        2.0994168078516059E-029   2.8212121456515055E-029
   1.8610042248961101        4.1307919779319758E-029   5.3116133588423645E-029
   1.8740932428167723        2.4483300612786658E-029   3.2297165395762681E-029
   1.8633739912967415        5.9607075246669706E-029   6.5194720661700337E-029
   1.8717234764161408        3.1436828413919809E-029   3.9104870758559771E-029
   1.8661146806860274        5.0419933647239421E-029   5.6686057362045560E-029
   1.8689827870268549        4.0743388933111847E-029   4.7724133788159296E-029
   1.8579579251176801        5.4801400914191902E-029   6.9222998503450309E-029
   1.8771395425952022        1.8531197811498072E-029   2.5328498761473960E-029
   1.8585888599884044        5.1693650428094392E-029   6.5538033323910060E-029
   1.8765086077244779        1.9767398968476646E-029   2.6775831585436724E-029
   1.8600273964386833        4.5236700265838348E-029   5.7835970058544908E-029
   1.8750700712741990        2.2579240947032214E-029   3.0067910037544517E-029
   1.8621278959963716        3.7199262720320400E-029   4.8149759655695565E-029
   1.8729695717165107        2.7186001063829976E-029   3.5167970660152553E-029
   1.8647129528817474        5.5125947793506842E-029   6.1044528320682459E-029
   1.8703845148311349        3.5990878680157072E-029   4.3322600500258635E-029
   1.6556306157649479        9.3676153163105074E-027   1.0310439652106049E-026
   1.6462493230958397        9.5077725299711920E-027   1.0432983434460380E-026
   1.6650119084340560        9.1749519609984100E-027   1.0121367188102425E-026
   1.6472977702786469        9.4921558564734600E-027   1.0419347667531473E-026
   1.6639634612512488        9.2076183574016254E-027   1.0156613719874983E-026
   1.6490861068046168        9.4654908259067169E-027   1.0396054372667099E-026
   1.6621751247252790        9.2634229583377447E-027   1.0216819692408788E-026
   1.6514558732052482        9.4301030263103477E-027   1.0365120557758678E-026
   1.6598053583246475        9.3049441130412617E-027   1.0255523236393667E-026
   1.6541965625945341        9.3891011455050777E-027   1.0329249569303278E-026
   1.6570646689353616        9.3461078348255072E-027   1.0291601944910353E-026
   1.6460398070261868        9.5108918387909690E-027   1.0435706523875490E-026
   1.6652214245037089        9.1684285541123993E-027   1.0114328205457282E-026
   1.6466707418969111        9.5014969217579316E-027   1.0427504410278059E-026
   1.6645904896329846        9.1880776008714175E-027   1.0135529877906093E-026
   1.6481092783471900        9.4800601598181724E-027   1.0408783105484514E-026
   1.6631519531827057        9.2329279540939291E-027   1.0183920498910310E-026
   1.6502097779048783        9.4487185573195809E-027   1.0381396050338198E-026
   1.6610514536250174        9.2862027013261460E-027   1.0239086175061339E-026
   1.6527948347902541        9.4100815964953141E-027   1.0347608560721366E-026
   1.6584663967396416        9.3250643691980812E-027   1.0273162075837590E-026
   1.6748958992278111        8.8688659486003556E-027   9.7909704392154846E-027
   1.6655146065587030        9.1593026651266511E-027   1.0104480870408767E-026
   1.6842771918969193        8.5306260972625988E-027   9.4291317463092778E-027
   1.6665630537415101        9.1266916202799561E-027   1.0069290008355991E-026
   1.6832287447141121        8.5717210021355642E-027   9.4729051819179081E-027
   1.6683513902674800        9.0711540970581930E-027   1.0009352648959720E-026
   1.6814404081881422        8.6420429717444435E-027   9.5477930580732139E-027
   1.6707211566681115        8.9977310475167154E-027   9.9301004948210891E-027
   1.6790706417875108        8.7356661523483333E-027   9.6474608257915046E-027
   1.6734618460573973        8.9130619905663310E-027   9.8386919371885891E-027
   1.6763299523982249        8.8247439652046136E-027   9.7433237192877651E-027
   1.6653050904890501        9.1658239813408030E-027   1.0111517750365108E-026
   1.6844867079665722        8.5224257010104175E-027   9.4203959418076931E-027
   1.6659360253597744        9.1461902800142553E-027   1.0090331511553062E-026
   1.6838557730958479        8.5471322022198447E-027   9.4467146212566744E-027
   1.6673745618100533        9.1014762379776415E-027   1.0042077985299944E-026
   1.6824172366455690        8.6035962546209832E-027   9.5068527974851437E-027
   1.6694750613677416        9.0363146808440245E-027   9.9717490644360409E-027
   1.6803167370878807        8.6863741546034394E-027   9.5949912436128867E-027
   1.6720601182531174        8.9563327936123105E-027   9.8854093776260607E-027
   1.6777316802025048        8.7816886970119019E-027   9.6968239077704751E-027
   1.7326917496164000        6.4554537385238598E-027   7.3606438615611970E-027
   1.7233104569472919        6.8735676000871227E-027   7.7640443982107728E-027
   1.7420730422855082        6.0592780747133176E-027   6.9592882624080186E-027
   1.7243589041300991        6.8332413040251228E-027   7.7248100426768692E-027
   1.7410245951027010        6.0969789066597875E-027   7.0029150251910212E-027
   1.7261472406560689        6.7558552412829262E-027   7.6501418976775695E-027
   1.7392362585767311        6.1641512263138459E-027   7.0779540994033619E-027
   1.7285170070567004        6.6460243185691518E-027   7.5445287767892268E-027
   1.7368664921760997        6.2685858316436430E-027   7.1795294573806250E-027
   1.7312576964459863        6.5204975808728306E-027   7.4234972993656543E-027
   1.7341258027868138        6.3908468109330518E-027   7.2981173438731662E-027
   1.7231009408776390        6.8816429643367210E-027   7.7718972499234046E-027
   1.7422825583551611        6.0517612664105269E-027   6.9505901826664202E-027
   1.7237318757483633        6.8573418016668732E-027   7.7482618138108137E-027
   1.7416516234844368        6.0744145931807841E-027   6.9768037405317473E-027
   1.7251704121986422        6.8014778687153804E-027   7.6939356547613002E-027
   1.7402130870341579        6.1262577630358285E-027   7.0367974185234023E-027
   1.7272709117563305        6.7036270449195663E-027   7.5999521812514424E-027
   1.7381125874764696        6.2135232528052671E-027   7.1260067050515405E-027
   1.7298559686417063        6.5844982608073135E-027   7.4852498289319141E-027
   1.7355275305910938        6.3281176871710202E-027   7.2373162517957734E-027
   1.7519570330792633        5.7108851564246391E-027   6.5562319939549790E-027
   1.7425757404101552        6.0412523497619125E-027   6.9384299187298778E-027
   1.7613383257483715        5.3596861843420525E-027   6.2005144920621087E-027
   1.7436241875929623        6.0037628582865702E-027   6.8950507093019871E-027
   1.7602898785655643        5.3989655551979884E-027   6.2393571554815249E-027
   1.7454125241189322        5.9401467229347429E-027   6.8214449369027131E-027
   1.7585015420395944        5.4664078252774745E-027   6.3059544191297851E-027
   1.7477822905195637        5.8564879853148755E-027   6.7246582914921269E-027
   1.7561317756389629        5.5566402388469048E-027   6.3948707074095176E-027
   1.7505229799088495        5.7606452360505484E-027   6.6137884580591111E-027
   1.7533910862496771        5.6613924509984787E-027   6.4989885303582077E-027
   1.7423662243405023        6.0487611755537557E-027   6.9471186481687903E-027
   1.7615478418180244        5.3518598149003851E-027   6.1927702209964869E-027
   1.7429971592112266        6.0261664400104752E-027   6.9209737210525911E-027
   1.7609169069473001        5.3754512824196639E-027   6.2161092479904135E-027
   1.7444356956615055        5.9748437246998351E-027   6.8615896767347712E-027
   1.7594783704970212        5.4295000429332902E-027   6.2695238968330736E-027
   1.7465361952191938        5.9003872771769864E-027   6.7754450691456450E-027
   1.7573778709393328        5.5090705065705089E-027   6.3480210933041805E-027
   1.7491212521045696        5.8095420733535469E-027   6.6703500634027004E-027
   1.7547928140539570        5.6080590917528923E-027   6.4454459320591316E-027
   1.7712223165421261        4.9968364965462394E-027   5.8408582569563291E-027
   1.7618410238730182        5.3409210024239571E-027   6.1819434083582823E-027
   1.7806036092112341        4.6654701767268946E-027   5.5066881539376551E-027
   1.7628894710558252        5.3019254030870666E-027   6.1433208997529409E-027
   1.7795551620284271        4.7019585542997975E-027   5.5470628494769715E-027
   1.7646778075817953        5.2358523500166436E-027   6.0777858975478670E-027
   1.7777668255024570        4.7642098159364183E-027   5.6093125639714311E-027
   1.7670475739824265        5.1491535150070217E-027   5.9916110139231035E-027
   1.7753970591018258        4.8475684364595806E-027   5.6924766051730975E-027
   1.7697882633717124        5.0488259306118048E-027   5.8923804165418070E-027
   1.7726563697125399        4.9452131133414421E-027   5.7896184242665166E-027
   1.7616315078033651        5.3487366535728995E-027   6.1896793639876613E-027
   1.7808131252808872        4.6580673199032223E-027   5.4964751708972929E-027
   1.7622624426740896        5.3252238577823651E-027   6.1664013718756856E-027
   1.7801821904101627        4.6802650075379437E-027   5.5253405668414112E-027
   1.7637009791243685        5.2718739232116151E-027   6.1135288840879871E-027
   1.7787436539598838        4.7301371187699181E-027   5.5752560857682116E-027
   1.7658014786820566        5.1946209040309024E-027   6.0368295985714656E-027
   1.7766431544021957        4.8036123914245447E-027   5.6486504098521944E-027
   1.7683865355674324        5.0999979975683931E-027   5.9430141054813095E-027
   1.7740580975168199        4.8951063672012189E-027   5.7398063928758228E-027
   1.7904876000049890        4.3250936342289724E-027   5.0399975259311392E-027
   1.7811063073358808        4.6477220182970628E-027   5.4822073858250170E-027
   1.7998688926740971        3.9175877170441209E-027   4.5907569627975854E-027
   1.7821547545186880        4.6108571867257852E-027   5.4314087327984051E-027
   1.7988204454912899        3.9659012644735554E-027   4.6408500109033970E-027
   1.7839430910446579        4.5484481753340544E-027   5.3455675516252835E-027
   1.7970321089653201        4.0494125585688550E-027   4.7272729789471847E-027
   1.7863128574452893        4.4666608272040915E-027   5.2333736025445237E-027
   1.7946623425646886        4.1622416760932677E-027   4.8437128268657759E-027
   1.7890535468345752        4.3733624620278589E-027   5.1058127151554219E-027
   1.7919216531754028        4.2772005406886484E-027   4.9748172293517112E-027
   1.7808967912662279        4.6551134258425267E-027   5.4924007433014781E-027
   1.8000784087437500        3.9079899159087347E-027   4.5807972493520630E-027
   1.7815277261369522        4.6328797691163959E-027   5.4617469832463308E-027
   1.7994474738730257        3.9369499938394926E-027   4.6108408488183417E-027
   1.7829662625872311        4.5824637824863506E-027   5.3923301953602787E-027
   1.7980089374227468        4.0036238423624387E-027   4.6799133731028840E-027
   1.7850667621449194        4.5095377267557564E-027   5.2921482191558320E-027
   1.7959084378650585        4.1026029279269364E-027   4.7822112286411799E-027
   1.7876518190302952        4.4209074925333689E-027   5.1707611351736298E-027
   1.7933233809796827        4.2270968737301603E-027   4.9104793497335693E-027
   1.6941611826906740        8.1480827830223114E-027   9.0212827119558283E-027
   1.6847798900215658        8.5109572436383701E-027   9.4081781917663200E-027
   1.7035424753597821        7.7004542708218818E-027   8.5743099856322353E-027
   1.6858283372043730        8.4700080102489075E-027   9.3645486624608051E-027
   1.7024940281769749        7.7502204247932534E-027   8.6239926777143397E-027
   1.6876166737303429        8.4003889169575672E-027   9.2903551459463097E-027
   1.7007056916510050        7.8355691618349340E-027   8.7091218389729157E-027
   1.6899864401309743        8.3085796809032460E-027   9.1924793469027867E-027
   1.6983359252503736        7.9495654847957786E-027   8.8226760103186103E-027
   1.6927271295202602        8.2030354658296921E-027   9.0799125255717875E-027
   1.6955952358610877        8.0826825641032686E-027   8.9550645776953698E-027
   1.6845703739519129        8.5191521377561538E-027   9.4169085608064948E-027
   1.7037519914294350        7.6905332988881295E-027   8.5644016997859109E-027
   1.6852013088226372        8.4944860219394054E-027   9.3906297773748873E-027
   1.7031210565587107        7.7204334683417228E-027   8.5942596427336585E-027
   1.6866398452729161        8.4383807056138659E-027   9.3308459903001599E-027
   1.7016825201084318        7.7888775278936467E-027   8.6625622422579102E-027
   1.6887403448306044        8.3567924495428946E-027   9.2438827741918377E-027
   1.6995820205507435        7.8894950281484987E-027   8.7628596294952830E-027
   1.6913254017159802        8.2569307788202636E-027   9.1374003920287642E-027
   1.6969969636653677        8.0144284975432756E-027   8.8872123696048460E-027
   1.7134264661535372        7.2605966888397330E-027   8.1389972667205122E-027
   1.7040451734844291        7.6766640244152304E-027   8.5505479502154886E-027
   1.7228077588226454        6.8929524377139537E-027   7.7828929437534456E-027
   1.7050936206672362        7.6271943896807448E-027   8.5011126303437707E-027
   1.7217593116398382        6.9334856621559785E-027   7.8222810136943402E-027
   1.7068819571932061        7.5432763773856430E-027   8.4171770567002178E-027
   1.7199709751138683        7.0029456279578926E-027   7.8897042983844348E-027
   1.7092517235938376        7.4329723611201791E-027   8.3067032101583094E-027
   1.7176012087132368        7.0956142173523702E-027   7.9795112181022046E-027
   1.7119924129831234        7.3177779403241537E-027   8.1941554652521763E-027
   1.7148605193239510        7.2036753417737557E-027   8.0840297667837901E-027
   1.7038356574147762        7.6865737965628353E-027   8.5604468926017655E-027
   1.7230172748922983        6.8848692576022216E-027   7.7750342861176241E-027
   1.7044665922855005        7.6567558329733263E-027   8.5306575301797523E-027
   1.7223863400215740        6.9092277883057190E-027   7.7987123374160874E-027
   1.7059051287357794        7.5890419922037774E-027   8.4629641183120939E-027
   1.7209478035712951        6.9649547152661901E-027   7.8528389200639195E-027
   1.7080056282934677        7.4908460385448929E-027   8.3646869165865039E-027
   1.7188473040136067        7.0467974183504089E-027   7.9322223744643439E-027
   1.7105906851788435        7.3739211480566250E-027   8.2482540782150402E-027
   1.7162622471282309        7.1482885356284224E-027   8.0304861460553870E-027
