 log10Enu, nu, nubar
   1.4176038600614644        3.0335910013304560E-027   3.0930910615458782E-027
  0.73943428249936372        6.2792861448986563E-027   6.9109253570183756E-027
   2.0957734376235653        1.2570904674117075E-030   1.6686133874151029E-030
  0.81522607454118445        5.5552167907465831E-027   6.2012515061004519E-027
   2.0199816455817445        5.2599998107323787E-028   6.8604060619313619E-028
  0.94450414624547396        4.7732079291344539E-027   5.1995267470632391E-027
   1.8907035738774549        1.4379538207759456E-027   1.7278964565928634E-027
   1.1158135313720212        4.3165013071627403E-027   4.5293141922426932E-027
   1.7193941887509077        2.0356487997128271E-027   2.2655372998155348E-027
   1.3139367784466298        3.0847299061702798E-027   3.1775195368657448E-027
   1.5212709416762991        2.9289316097283806E-027   3.0779722853860129E-027
  0.72428845670960518        6.4211848780400872E-027   7.0480179645213177E-027
   2.1109192634133236        0.0000000000000000        0.0000000000000000     
  0.76989846482260105        5.9887245032914906E-027   6.6290232577930659E-027
   2.0653092553003276        3.9992461714100545E-028   5.6624409506934539E-028
  0.87388964079409281        5.2145459480491192E-027   5.7618633443948137E-027
   1.9613180793288361        1.2205289953635231E-027   1.5501842213531419E-027
   1.0257338426488676        4.6245530930337268E-027   4.9625445694099395E-027
   1.8094738774740613        1.6997341242535944E-027   1.9646824777243069E-027
   1.2126064835272681        3.7399713189135963E-027   3.8169374465414944E-027
   1.6226012365956608        2.4869735305344009E-027   2.6602150576496912E-027
   1.0694341139387782        4.5791926342116991E-027   4.8706226235622503E-027
  0.73034932515772777        6.3646153207961184E-027   6.9934088110298184E-027
   1.4085189027198286        2.9592045145318697E-027   3.0126164175134673E-027
  0.76824522117863814        6.0046594595638859E-027   6.6445255151023864E-027
   1.3706230066989182        2.8827979112278309E-027   2.9380328105636871E-027
  0.83288425703078295        5.4552530951376487E-027   6.0718579537269185E-027
   1.3059839708467733        3.1234025660506792E-027   3.2225924091171509E-027
  0.91853894959405658        4.9392748294034820E-027   5.4101795130723180E-027
   1.2203292782834998        3.6925888170543889E-027   3.7603865761532898E-027
   1.0176005731313609        4.6315374404730289E-027   4.9776728218935944E-027
   1.1212676547461955        4.2848007161796830E-027   4.4884426024335214E-027
  0.72277641226284861        6.4352524161701360E-027   7.0615889414937732E-027
   1.4160918156147078        3.0209730291734149E-027   3.0794316926588214E-027
  0.74558141631934649        6.2211952347897117E-027   6.8546942526836903E-027
   1.3932868115582098        2.8418163036442224E-027   2.8858760805302944E-027
  0.79757700430509237        5.7193456533122039E-027   6.3661915489519587E-027
   1.3412912235724641        2.9500615293108229E-027   3.0211444504831797E-027
  0.87349910523247976        5.2168940477443826E-027   5.7648763815658763E-027
   1.2653691226450765        3.3778111771441115E-027   3.4696057734506357E-027
  0.96693542567168000        4.6724304024537681E-027   5.0667138372058605E-027
   1.1719328022058764        3.9852991470852044E-027   4.1116656905819360E-027
   1.7657736061841507        1.8886135146979991E-027   2.1122439559131017E-027
   1.4266888174031003        3.1114798869536120E-027   3.1774856182827937E-027
   2.1048583949652011        0.0000000000000000        0.0000000000000000     
   1.4645847134240106        3.1154178367013229E-027   3.2623088609889550E-027
   2.0669624989442905        3.9062981040425498E-028   5.5905196176977691E-028
   1.5292237492761556        2.9072139796090230E-027   3.0456793088328777E-027
   2.0023234630921460        1.0606176663235115E-027   1.3637444439885553E-027
   1.6148784418394291        2.5334298183051707E-027   2.6938461550841124E-027
   1.9166687705288723        1.3533970917050088E-027   1.6525013638648550E-027
   1.7139400653767334        2.0571316236470034E-027   2.2858077863006354E-027
   1.8176071469915680        1.6690662590215067E-027   1.9385407730524542E-027
   1.4191159045082211        3.0463059598436090E-027   3.1068589761459556E-027
   2.1124313078600805        0.0000000000000000        0.0000000000000000     
   1.4419209085647191        3.1804596911371445E-027   3.2684230827247434E-027
   2.0896263038035823        1.4011102172949333E-029   1.9903810085036492E-029
   1.4939164965504648        3.0187203202892918E-027   3.1876213467060368E-027
   2.0376307158178366        1.8749893136442163E-028   2.5506549041663479E-028
   1.5698385974778524        2.7627224763647909E-027   2.8833913285576575E-027
   1.9617086148904490        1.2186638300196812E-027   1.5489947744541039E-027
   1.6632749179170525        2.2655630217251462E-027   2.4663346294870892E-027
   1.8682722944512489        1.4964766207551498E-027   1.7832071772719188E-027
   1.5916887331228076        2.6593737769227991E-027   2.7930947072096140E-027
   1.4221463387322824        3.0720849689245704E-027   3.1347837007003520E-027
   1.7612311275133328        1.8995067477644018E-027   2.1293345950976689E-027
   1.4410942867427377        3.1827932076407184E-027   3.2686403237119693E-027
   1.7422831795028775        1.9508353349007437E-027   2.1953404708065152E-027
   1.4734138046688099        3.0895252637534734E-027   3.2598424915164583E-027
   1.7099636615768052        2.0727653670326275E-027   2.3005391043542422E-027
   1.5162411509504468        2.9425450968112486E-027   3.0982658622247651E-027
   1.6671363152951684        2.2473446801463763E-027   2.4544791461024904E-027
   1.5657719627190989        2.7794185738818693E-027   2.8994992490708740E-027
   1.6176055035265162        2.5170214822382275E-027   2.6819904777435656E-027
   1.4183598822848427        3.0399362992880118E-027   3.0999613836059363E-027
   1.7650175839607725        1.8904300718689871E-027   2.1150912526551202E-027
   1.4297623843130918        3.1386599762792466E-027   3.2069668605396097E-027
   1.7536150819325234        1.9176549025730440E-027   2.1578950039606289E-027
   1.4557601783059646        3.1409866952007536E-027   3.2647261702601053E-027
   1.7276172879396505        2.0035135319141151E-027   2.2357376924310467E-027
   1.4937212287696584        3.0194138175365584E-027   3.1883949215033558E-027
   1.6896562374759567        2.1488718763386461E-027   2.3788190845744049E-027
   1.5404393889892585        2.8761854540642023E-027   2.9997159497443862E-027
   1.6429380772563567        2.3714151180863835E-027   2.5619281425716524E-027
   1.9398584792454938        1.3039427886560248E-027   1.5963036093565024E-027
   1.7703160848549686        1.8695693595772309E-027   2.0945586853001823E-027
   2.1094008736360190        0.0000000000000000        0.0000000000000000     
   1.7892640328654239        1.7788530708139205E-027   2.0233121107390671E-027
   2.0904529256255637        9.2701521864780416E-030   1.3082559290596493E-029
   1.8215835507914961        1.6541542620717048E-027   1.9256978311259292E-027
   2.0581334076994913        5.6853333433107494E-029   7.0316122627790792E-029
   1.8644108970731330        1.5103398990181300E-027   1.7968430416507011E-027
   2.0153060614178546        7.2401995023529591E-028   9.4291232515953133E-028
   1.9139417088417852        1.3640981695183132E-027   1.6590291843989480E-027
   1.9657752496492025        1.2025803337388463E-027   1.5369645417339428E-027
   1.7665296284075289        1.8867955426349615E-027   2.1093955412629885E-027
   2.1131873300834587        0.0000000000000000        0.0000000000000000     
   1.7779321304357780        1.8317609766116219E-027   2.0644239500495487E-027
   2.1017848280552096        0.0000000000000000        0.0000000000000000     
   1.8039299244286509        1.7206690306763976E-027   1.9823406045892284E-027
   2.0757870340623366        2.6765443343792154E-028   3.9894474119423454E-028
   1.8418909748923447        1.5967726081729926E-027   1.8605883614087630E-027
   2.0378259835986432        1.8607289020148437E-028   2.5310465588102944E-028
   1.8886091351119447        1.4463538602596863E-027   1.7333956637567596E-027
   1.9911078233790429        1.1317193821553686E-027   1.4539928363748763E-027
  0.89534924087743506        5.0839133660270284E-027   5.5945851209964407E-027
  0.72580684648690985        6.4070400405948948E-027   7.0343687896748510E-027
   1.0648916352679603        4.5891963775571243E-027   4.8863173782699072E-027
  0.74475479449736504        6.2290232629632864E-027   6.8622753538270190E-027
   1.0459436872575050        4.6066693178610138E-027   4.9239137471443993E-027
  0.77707431242343750        5.9193497291244210E-027   6.5614739308014958E-027
   1.0136241693314327        4.6349085833178502E-027   4.9849831003562462E-027
  0.81990165870507425        5.5289672288279375E-027   6.1672372931087291E-027
  0.97079682304979587        4.6694668901714731E-027   5.0602342837572807E-027
  0.86943247047372640        5.2412819813762547E-027   5.7961834330908444E-027
  0.92126601128114372        4.9220343400090664E-027   5.3882564388343379E-027
  0.72202039003947027        6.4422793527141889E-027   7.0683664941180910E-027
   1.0686780917154000        4.5833694405780769E-027   4.8760865678721054E-027
  0.73342289206771927        6.3358182762753421E-027   6.9655871909120727E-027
   1.0572755896871509        4.5963032908480647E-027   4.9015917299527643E-027
  0.75942068606059210        6.0894012674266304E-027   6.7268829947207543E-027
   1.0312777956942780        4.6197229412041790E-027   4.9520959329102641E-027
  0.79738173652428590        5.7212623769289505E-027   6.3680669007237338E-027
  0.99331674523058422        4.6516881437720865E-027   5.0214498222390524E-027
  0.84409989674388597        5.3905978173245742E-027   5.9883707644161712E-027
  0.94659858501098415        4.7596292153125097E-027   5.1823540647703119E-027
   1.2435189870001213        3.5344761345977955E-027   3.6073636300637710E-027
   1.0739765926095961        4.5540240021305832E-027   4.8377222110859315E-027
   1.4130613813906465        2.9959724184052739E-027   3.0523781446454224E-027
   1.0929245406200514        4.4477101371520540E-027   4.6992116119400954E-027
   1.3941134333801912        2.8479623659741147E-027   2.8925038743138766E-027
   1.1252440585461236        4.2615858576425360E-027   4.4585556815233099E-027
   1.3617939154541190        2.9004953593956801E-027   2.9602812206846437E-027
   1.1680714048277605        4.0081930979232831E-027   4.1393310439113031E-027
   1.3189665691724821        3.0601558254708849E-027   3.1489167649661498E-027
   1.2176022165964127        3.7093476347634215E-027   3.7803740986451424E-027
   1.2694357574038300        3.3485764650955474E-027   3.4438004575698115E-027
   1.0701901361621564        4.5750123667639843E-027   4.8651552979848797E-027
   1.4168478378380862        3.0272699497969670E-027   3.0862478757177706E-027
   1.0815926381904055        4.5115475290965554E-027   4.7822917878732438E-027
   1.4054453358098371        2.9347967423270276E-027   2.9862380900202842E-027
   1.1075904321832784        4.3639823570825247E-027   4.5906605332429420E-027
   1.3794475418169643        2.8648576505632543E-027   2.9155115571205537E-027
   1.1455514826469722        4.1417052758030180E-027   4.3048193217045921E-027
   1.3414864913532705        2.9490915312195429E-027   3.0200214288225255E-027
   1.1922696428665722        3.8635591217141282E-027   3.9650120631836257E-027
   1.2947683311336704        3.1775489531628875E-027   3.2858221994754586E-027
   1.8528160427148221        1.5526429342989985E-027   1.8358380573706358E-027
   1.7680448455195596        1.8808649846898825E-027   2.1035272550860728E-027
   1.9375872399100846        1.3056414071563135E-027   1.6018606000174291E-027
   1.7775188195247871        1.8338099206432789E-027   2.0660616416324720E-027
   1.9281132659048572        1.3126551071258344E-027   1.6249338109650822E-027
   1.7936785784878233        1.7613428343533487E-027   2.0110368985414128E-027
   1.9119535069418210        1.3702033531592193E-027   1.6648568650014052E-027
   1.8150922516286419        1.6785507290927186E-027   1.9466389206932397E-027
   1.8905398338010024        1.4386102187932075E-027   1.7283267019755449E-027
   1.8398576575129679        1.6049989992906352E-027   1.8651625002126832E-027
   1.8657744279166764        1.5054440027138211E-027   1.7920299540367090E-027
   1.7661516172958398        1.8877047054064969E-027   2.1108198879360748E-027
   1.9394804681338045        1.3042259592036133E-027   1.5972291564203228E-027
   1.7718528683099641        1.8619315911837084E-027   2.0884854768125802E-027
   1.9337792171196801        1.3084744109477254E-027   1.6111555905277057E-027
   1.7848517653064007        1.7975100454750405E-027   2.0369682073767028E-027
   1.9207803201232436        1.3372961690436680E-027   1.6426307917369966E-027
   1.8038322905382476        1.7210564372621313E-027   1.9826151522488431E-027
   1.9017997948913967        1.3970197326231649E-027   1.6972607270613107E-027
   1.8271913706480476        1.6398781287127994E-027   1.9065849055536822E-027
   1.8784407147815967        1.4741365529078783E-027   1.7580260896238134E-027
   2.0269009157761655        3.3364440960602372E-028   4.4347134412339434E-028
   1.9421297185809030        1.2968231131331313E-027   1.5926623976609408E-027
   2.1116721129714282        0.0000000000000000        0.0000000000000000     
   1.9516036925861304        1.2654647499774892E-027   1.5779670118131991E-027
   2.1021981389662003        0.0000000000000000        0.0000000000000000     
   1.9677634515491667        1.2044829033928014E-027   1.5321605081647378E-027
   2.0860383800031643        3.4484768241376683E-029   4.9361199707976976E-029
   1.9891771246899852        1.1407448923068304E-027   1.4660475291774228E-027
   2.0646247068623458        4.0376291410854324E-028   5.6921409156477677E-028
   2.0139425305743113        7.9421421968161925E-028   1.0338847515981368E-027
   2.0398593009780197        1.7181780209973811E-028   2.3351277815488831E-028
   1.9402364903571832        1.3030991513930510E-027   1.5955769262906138E-027
   2.1135653411951481        0.0000000000000000        0.0000000000000000     
   1.9459377413713075        1.2842087822686565E-027   1.5867778113031028E-027
   2.1078640901810233        0.0000000000000000        0.0000000000000000     
   1.9589366383677440        1.2319279052053560E-027   1.5574339049383791E-027
   2.0948651931845870        1.4865838566855923E-030   1.9732340583952249E-030
   1.9779171635995909        1.2096725086879465E-027   1.5067756251206345E-027
   2.0758846679527401        2.6454965424064399E-028   3.9427180718814409E-028
   2.0012762437093907        1.0760365529235041E-027   1.3817751729129671E-027
   2.0525255878429403        9.2148097976203449E-029   1.2571647199504167E-028
   1.9833796975108298        1.1758354633968964E-027   1.4872359637930509E-027
   1.9409940989131984        1.3005873319457982E-027   1.5944115117719472E-027
   2.0257652961084611        3.5893370206427644E-028   4.7488440756668912E-028
   1.9457310859158121        1.2848930124690474E-027   1.5870979235753471E-027
   2.0210283091058474        4.8945981270552829E-028   6.3859585445237982E-028
   1.9538109653973303        1.2566084249925531E-027   1.5730170460790513E-027
   2.0129484296243292        8.4948792716867335E-028   1.1054935698270138E-027
   1.9645178019677396        1.2052821545508934E-027   1.5404343318148105E-027
   2.0022415930539199        1.0618164211418681E-027   1.3651470997682126E-027
   1.9769005049099027        1.2133789821727186E-027   1.5099948088953303E-027
   1.9898588901117569        1.1375542132389660E-027   1.4617855487089058E-027
   1.9400474848013385        1.3037258634895150E-027   1.5958674857098730E-027
   2.0267119102203210        3.3773076196329429E-028   4.4855712527863927E-028
   1.9428981103084006        1.2942767501770093E-027   1.5914773935095486E-027
   2.0238612847132589        4.0553511112688063E-028   5.3241117266711449E-028
   1.9493975588066190        1.2727593477338127E-027   1.5814054776355732E-027
   2.0173618362150405        6.2939312329297389E-028   8.2020946042321011E-028
   1.9588878214225425        1.2321620242385132E-027   1.5575824532200307E-027
   2.0078715735991173        9.8196749879873271E-028   1.2713961606659001E-027
   1.9705673614774424        1.2071860566724670E-027   1.5253737491644403E-027
   1.9961920335442171        1.1081040941206994E-027   1.4224696825213875E-027
   2.0704221340415012        3.7106430268782643E-028   5.4391256796033823E-028
   2.0280365354438699        3.1007759531670412E-028   4.1406201641134724E-028
   2.1128077326391326        0.0000000000000000        0.0000000000000000     
   2.0327735224464836        2.2796420226502208E-028   3.1039640996457640E-028
   2.1080707456365189        0.0000000000000000        0.0000000000000000     
   2.0408534019280018        1.6522875499347602E-028   2.2446279599540649E-028
   2.0999908661550006        1.8512788066654572E-031   2.4573160649289539E-031
   2.0515602384984111        9.7024037154770174E-029   1.3229371243490833E-028
   2.0892840295845914        1.5971517971039550E-029   2.2724444738073361E-029
   2.0639429414405739        4.0757959809193964E-028   5.7216736437058783E-028
   2.0769013266424285        2.3217817490727024E-028   3.4555021476797361E-028
   2.0270899213320099        3.2960575324264223E-028   4.3844104975409257E-028
   2.1137543467509925        0.0000000000000000        0.0000000000000000     
   2.0299405468390721        2.7412209023046094E-028   3.6891509216614902E-028
   2.1109037212439303        0.0000000000000000        0.0000000000000000     
   2.0364399953372905        1.9641980860163923E-028   2.6733548652448330E-028
   2.1044042727457120        0.0000000000000000        0.0000000000000000     
   2.0459302579532141        1.3076441550358426E-028   1.7771574216776825E-028
   2.0949140101297883        1.4742610896241807E-030   1.9568772928149357E-030
   2.0576097980081141        5.9693362800618689E-029   7.4653668537752289E-029
   2.0832344700748884        5.0367312172973403E-029   7.2212909960202058E-029
   2.0486615249088334        1.1319355914271322E-028   1.5408002282241064E-028
   2.0274687256100177        3.2165293484350614E-028   4.2852406684552000E-028
   2.0698543242076490        3.7428617654461540E-028   5.4640558873082957E-028
   2.0298372191113248        2.7596553838107631E-028   3.7123851830150951E-028
   2.0674858307063420        3.8768017289149397E-028   5.5676959197145656E-028
   2.0338771588520839        2.1699322849875994E-028   2.9565525266719979E-028
   2.0634458909655828        4.1035843012198692E-028   5.7431756834397314E-028
   2.0392305771372881        1.7611193537901952E-028   2.3941275279028400E-028
   2.0580924726803786        5.7070529350099873E-029   7.0646132473359995E-029
   2.0454219286083699        1.3431037381616461E-028   1.8248125349931724E-028
   2.0519011212092968        9.5274714344606619E-029   1.2993444736757744E-028
   2.0269954185540877        3.3161915303301392E-028   4.4094929751908321E-028
   2.0703276312635790        3.7160082380644045E-028   5.4432771714120811E-028
   2.0284207313076190        3.0247438700891618E-028   4.0454415346816374E-028
   2.0689023185100477        3.7967861651215897E-028   5.5057814961939006E-028
   2.0316704555567280        2.4496737437217342E-028   3.3203294525612093E-028
   2.0656525942609387        3.9799721921553146E-028   5.6475271357063048E-028
   2.0364155868646896        1.9660678699282791E-028   2.6759272674695425E-028
   2.0609074629529771        4.3870343757070271E-029   5.1145115439954197E-029
   2.0422553568921398        1.5633976093814201E-028   2.1226007948370264E-028
   2.0550676929255269        7.5569081789183023E-029   9.9728065871578301E-029
   2.0921827431741691        2.1615847284429964E-030   2.8692041737762624E-030
   2.0709899438753534        3.6783821370012675E-028   5.4141628560687472E-028
   2.1133755424729848        0.0000000000000000        0.0000000000000000     
   2.0733584373766605        3.4466015108977756E-028   5.1484433141124487E-028
   2.1110070489716777        0.0000000000000000        0.0000000000000000     
   2.0773983771174196        2.1632396361740555E-028   3.2168839453253910E-028
   2.1069671092309186        0.0000000000000000        0.0000000000000000     
   2.0827517954026238        5.3091057467710800E-029   7.6131818577377398E-029
   2.1016136909457144        0.0000000000000000        0.0000000000000000     
   2.0889431468737056        1.7922428721394406E-029   2.5531403584657723E-029
   2.0954223394746325        1.3458621554017833E-030   1.7864455012077249E-030
   2.0705166368194234        3.7052766480914529E-028   5.4349732843289203E-028
   2.1138488495289147        0.0000000000000000        0.0000000000000000     
   2.0719419495729547        3.6241979022343277E-028   5.3722361920491365E-028
   2.1124235367753834        0.0000000000000000        0.0000000000000000     
   2.0751916738220637        2.8657192238612395E-028   4.2741703239401169E-028
   2.1091738125262744        0.0000000000000000        0.0000000000000000     
   2.0799368051300253        1.3507322192628901E-028   1.9939971319847708E-028
   2.1044286812183128        0.0000000000000000        0.0000000000000000     
   2.0857765751574755        3.5972086783561393E-029   5.1501144827924151E-029
   2.0985889111908627        5.4262469643908460E-031   7.2025908738656957E-031
   1.9616190883781619        1.2190912973535265E-027   1.5492674575159403E-027
   1.9404262890793462        1.3024698381223895E-027   1.5952850735255415E-027
   1.9828118876769776        1.1793277886246873E-027   1.4892665863507818E-027
   1.9427947825806531        1.2946191374034788E-027   1.5916368149252438E-027
   1.9804433941756707        1.1939576462362005E-027   1.4977380683623734E-027
   1.9468347223214122        1.2812393582359203E-027   1.5853873580027684E-027
   1.9764034544349116        1.2128885102944382E-027   1.5112042741804786E-027
   1.9521881406066168        1.2635330936530805E-027   1.5770544227546502E-027
   1.9710500361497070        1.2076537643472862E-027   1.5242040760132133E-027
   1.9583794920776982        1.2346009775537491E-027   1.5591291312416252E-027
   1.9648586846786256        1.2036625188928678E-027   1.5393950236507198E-027
   1.9399529820234163        1.3038719671126859E-027   1.5960721805563435E-027
   1.9832851947329075        1.1764163027942838E-027   1.4875739200700555E-027
   1.9413782947769473        1.2993137252718766E-027   1.5938200592838445E-027
   1.9818598819793765        1.1851961058781704E-027   1.4926714382416156E-027
   1.9446280190260565        1.2885458868038114E-027   1.5888051055782940E-027
   1.9786101577302673        1.2053502646915409E-027   1.5042962709355364E-027
   1.9493731503340181        1.2728400815845466E-027   1.5814434646815867E-027
   1.9738650264223057        1.2103954842670111E-027   1.5173744788581344E-027
   1.9552129203614683        1.2498382336269611E-027   1.5687576753610580E-027
   1.9680252563948555        1.2047343066718971E-027   1.5315273996604050E-027
   2.0051403066434976        1.0200544238600287E-027   1.3161964327998243E-027
   1.9839475073446819        1.1723489312699652E-027   1.4852054587996307E-027
   2.0263331059423133        3.4606638526126463E-028   4.5891943594497899E-028
   1.9863160008459888        1.1578681984847025E-027   1.4767370033796944E-027
   2.0239646124410062        4.0286303720238742E-028   5.2912443019294033E-028
   1.9903559405867479        1.1352304829326822E-027   1.4586818999581939E-027
   2.0199246727002471        5.2806284451451081E-028   6.8871861843204258E-028
   1.9957093588719526        1.1103364967746003E-027   1.4254485076331007E-027
   2.0145712544150429        7.6106729114240661E-028   9.9093088104552160E-028
   2.0019007103430342        1.0668198239599416E-027   1.3710000154318999E-027
   2.0083799029439611        9.7501174800830493E-028   1.2631976466096540E-027
   1.9834742002887520        1.1752547844697959E-027   1.4868980107725949E-027
   2.0268064129982433        3.3568159008648006E-028   4.4600726233259706E-028
   1.9848995130422831        1.1665163245115954E-027   1.4818013316298076E-027
   2.0253811002447120        3.6790043200997393E-028   4.8598829606011650E-028
   1.9881492372913923        1.1467293987223821E-027   1.4701839534505305E-027
   2.0221313759956030        4.5360899676752562E-028   5.9203020817573287E-028
   1.9928943685993541        1.1233959614177162E-027   1.4428792295812958E-027
   2.0173862446876414        6.2834481771259713E-028   8.1884966278149910E-028
   1.9987341386268040        1.0963799884903374E-027   1.4068294188949217E-027
   2.0115464746601912        9.3260244472738913E-028   1.2130958079460905E-027
   1.9942600020771637        1.1170519369107833E-027   1.4344107328957100E-027
   1.9836636024277559        1.1740914729510147E-027   1.4862206963746522E-027
   2.0048564017265713        1.0240831664195930E-027   1.3209264042173239E-027
   1.9848478491784094        1.1668324324977549E-027   1.4819860592739681E-027
   2.0036721549759182        1.0410316066168169E-027   1.3408065869888225E-027
   1.9868678190487890        1.1545089542871079E-027   1.4747643300992681E-027
   2.0016521851055384        1.0704799888636865E-027   1.3752800647440489E-027
   1.9895445281913910        1.1390249467639118E-027   1.4637500367883907E-027
   1.9989754759629363        1.0952698680310568E-027   1.4053488297584981E-027
   1.9926402039269320        1.1245784404389377E-027   1.4444579032211340E-027
   1.9958798002273954        1.1095479643443361E-027   1.4243962958084841E-027
   1.9834269488997909        1.1755451038734314E-027   1.4870669868747110E-027
   2.0050930552545365        1.0207240243797408E-027   1.3169826978984017E-027
   1.9841396052765565        1.1711707013187089E-027   1.4845185380880196E-027
   2.0043803988777711        1.0308676454574690E-027   1.3288879879698349E-027
   1.9857644674011110        1.1612311950534068E-027   1.4787087873482775E-027
   2.0027555367532162        1.0543098333478005E-027   1.3563613332339948E-027
   1.9881370330550918        1.1468033514060627E-027   1.4702275734987296E-027
   2.0003829710992354        1.0888057042033642E-027   1.3967286264536875E-027
   1.9910569180688169        1.1319569455004922E-027   1.4543100833743772E-027
   1.9974630860855105        1.1022350313615453E-027   1.4146393794350509E-027
   2.0160206112098313        6.8966832944907127E-028   8.9837763061057921E-028
   2.0054242115604235        1.0160389113959076E-027   1.3114803219959630E-027
   2.0266170108592392        3.3980066860247824E-028   4.5113179549131715E-028
   2.0066084583110770        9.9943104478451872E-028   1.2919569426287396E-027
   2.0254327641085856        3.6668220285978467E-028   4.8448072492088438E-028
   2.0086284281814564        9.7162605122229229E-028   1.2592051359025216E-027
   2.0234127942382063        4.1733248647833655E-028   5.4690609756297772E-028
   2.0113051373240589        9.3577934961382925E-028   1.2168559562889098E-027
   2.0207360850956038        4.9940709604112239E-028   6.5151325568675743E-028
   2.0144008130595994        7.6991866277186337E-028   1.0024018774965955E-027
   2.0176404093600633        6.1752861730784890E-028   8.0481893433069897E-028
   2.0051875580324587        1.0193851898168593E-027   1.3154105516433265E-027
   2.0268536643872039        3.3466150514833042E-028   4.4473756471525719E-028
   2.0059002144092242        1.0093359872850290E-027   1.3036041798281291E-027
   2.0261410080104385        3.5036897512606906E-028   4.6426193687453663E-028
   2.0075250765337787        9.8673252478886858E-028   1.2770095233902351E-027
   2.0245161458858840        3.8888490990026349E-028   5.1190813692611527E-028
   2.0098976421877595        9.5448816327239409E-028   1.2389763468800271E-027
   2.0221435802319032        4.5322691179140091E-028   5.9153383883968300E-028
   2.0128175272014843        8.5703752458839802E-028   1.1152726005522526E-027
   2.0192236952181783        5.5409243252825904E-028   7.2250616123553763E-028
   2.0813024386078354        9.1164759581894639E-029   1.3331406465246061E-028
   2.0707060389584275        3.6945178542983267E-028   5.4266483474803914E-028
   2.0918988382572432        2.2327817376438284E-030   2.9637083369818179E-030
   2.0718902857090811        3.6271414450976808E-028   5.3745138459311165E-028
   2.0907145915065897        7.7675303675148274E-030   1.0920595906550201E-029
   2.0739102555794604        3.2720093777600712E-028   4.8856685838351836E-028
   2.0886946216362103        1.9343802224667806E-029   2.7576467372731152E-029
   2.0765869647220629        2.4219588273996647E-028   3.6062764366711517E-028
   2.0860179124936078        3.4601076880878448E-029   4.9528543890443702E-029
   2.0796826404576034        1.4323001016792656E-028   2.1167631347596238E-028
   2.0829222367580673        5.2129598342432657E-029   7.4748476875642520E-029
   2.0704693854304628        3.7079599834508001E-028   5.4370495949116416E-028
   2.0921354917852080        2.1734375496883671E-030   2.8849371514110254E-030
   2.0711820418072282        3.6674582789354106E-028   5.4057101958273478E-028
   2.0914228354084425        3.6958804229350260E-030   5.0623300529973644E-030
   2.0728069039317827        3.5748651831593957E-028   5.3340635326635224E-028
   2.0897979732838881        1.3027263111654359E-029   1.8488268263753860E-029
   2.0751794695857635        2.8695943911248022E-028   4.2800027518631968E-028
   2.0874254076299072        2.6590061225166354E-029   3.8002341955866867E-029
   2.0780993545994884        1.9393431627440087E-028   2.8799023508041333E-028
   2.0845055226161824        4.3180232121157942E-029   6.1872181698345928E-029
   2.1030630477405028        0.0000000000000000        0.0000000000000000     
   2.0924666480910949        2.0903411614568272E-030   2.7746382115626667E-030
   2.1136594473899106        0.0000000000000000        0.0000000000000000     
   2.0936508948417485        1.7926615119285153E-030   2.3795097293726092E-030
   2.1124752006392571        0.0000000000000000        0.0000000000000000     
   2.0956708647121278        1.2830324326359836E-030   1.7030477512029454E-030
   2.1104552307688778        0.0000000000000000        0.0000000000000000     
   2.0983475738547304        6.0404907915269208E-031   8.0179144322462138E-031
   2.1077785216262752        0.0000000000000000        0.0000000000000000     
   2.1014432495902708        0.0000000000000000        0.0000000000000000     
   2.1046828458907347        0.0000000000000000        0.0000000000000000     
   2.0922299945631302        2.1497306175364247E-030   2.8534694842949744E-030
   2.1138961009178754        0.0000000000000000        0.0000000000000000     
   2.0929426509398956        1.9707876707620533E-030   2.6159475204334554E-030
   2.1131834445411100        0.0000000000000000        0.0000000000000000     
   2.0945675130644501        1.5616967051502719E-030   2.0729359555650470E-030
   2.1115585824165555        0.0000000000000000        0.0000000000000000     
   2.0969400787184309        9.6160086953458259E-031   1.2763918952938078E-030
   2.1091860167625747        0.0000000000000000        0.0000000000000000     
   2.0998599637321558        2.1855670779605072E-031   2.9010374192776613E-031
   2.1062661317488498        0.0000000000000000        0.0000000000000000     
   2.0377812203424996        1.8639889174424179E-028   2.5355290009674447E-028
   2.0271848206930918        3.2759576841800312E-028   4.3593608893030500E-028
   2.0483776199919075        1.1490903392158732E-028   1.5638930309978901E-028
   2.0283690674437453        3.0348624764955306E-028   4.0581168819850613E-028
   2.0471933732412539        1.2233673045122352E-028   1.6638377240976207E-028
   2.0303890373141247        2.6625740863380523E-028   3.5899148774041258E-028
   2.0451734033708746        1.3607730114305070E-028   1.8485535783045161E-028
   2.0330657464567272        2.2391839310408374E-028   3.0519457697573505E-028
   2.0424966942282721        1.5485576838967756E-028   2.1022359024221337E-028
   2.0361614221922677        1.9856376451036060E-028   2.7028524613634063E-028
   2.0394010184927316        1.7493795963044117E-028   2.3779959885210025E-028
   2.0269481671651270        3.3263029503488907E-028   4.4220859142702752E-028
   2.0486142735198722        1.1347736272394705E-028   1.5446209038599793E-028
   2.0276608235418925        3.1769096336633875E-028   4.2357780865529747E-028
   2.0479016171431068        1.1784118348997423E-028   1.6033553224009691E-028
   2.0292856856664470        2.8600935825169446E-028   3.8388037205325757E-028
   2.0462767550185523        1.2839885382590030E-028   1.7453581143093803E-028
   2.0316582513204278        2.4516217068540650E-028   3.3228026027947483E-028
   2.0439041893645715        1.4545309998115942E-028   1.9744744213235496E-028
   2.0345781363341526        2.1117328420786271E-028   2.8764089810166464E-028
   2.0409843043508467        1.6437905778367293E-028   2.2329602742874655E-028
   2.0595418294751671        4.9852285890167105E-029   5.9837532669525182E-029
   2.0489454298257592        1.1150259789822875E-028   1.5180336514628685E-028
   2.0701382291245749        3.7267576616320558E-028   5.4515948577698187E-028
   2.0501296765764128        1.0470618245866429E-028   1.4264899619890564E-028
   2.0689539823739214        3.7938628044696715E-028   5.5035194588985817E-028
   2.0521496464467921        9.4018412019483007E-029   1.2823981282826621E-028
   2.0669340125035420        3.9079026560874760E-028   5.5917611875894338E-028
   2.0548263555893946        7.7274497513954180E-029   1.0249883413380278E-028
   2.0642573033609395        4.0582047014572281E-028   5.7080618677555902E-028
   2.0579220313249351        5.7983601032173390E-029   7.2036586958528067E-029
   2.0611616276253990        4.2837071047944395E-029   4.9669881849225010E-029
   2.0487087762977945        1.1291043458215089E-028   1.5369885889957032E-028
   2.0703748826525397        3.7133257784055662E-028   5.4412015384286851E-028
   2.0494214326745599        1.0872157405599379E-028   1.4805825352982937E-028
   2.0696622262757742        3.7537522782787508E-028   5.4724827456831980E-028
   2.0510462947991144        9.9719679941130960E-029   1.3592834239000762E-028
   2.0680373641512197        3.8456773393296444E-028   5.5436124970996465E-028
   2.0534188604530952        8.7845793282717255E-029   1.1990984726419051E-028
   2.0656647984972389        3.9792868038854927E-028   5.6469967961373240E-028
   2.0563387454668201        6.7175364590661523E-029   8.6303080051833828E-029
   2.0627449134835141        3.6914865908051095E-029   4.1375537699345945E-029
   1.9507387838118277        1.2683239956714802E-027   1.5793162426137759E-027
   1.9401423841624199        1.3034111888611773E-027   1.5957216055234343E-027
   1.9613351834612356        1.2204472828481113E-027   1.5501321308966093E-027
   1.9413266309130732        1.2994849835733996E-027   1.5938996111886368E-027
   1.9601509367105823        1.2261101631055031E-027   1.5537380270742570E-027
   1.9433466007834528        1.2927907359980217E-027   1.5907851757829637E-027
   1.9581309668402027        1.2357941121936047E-027   1.5598852109242774E-027
   1.9460233099260551        1.2839254786704479E-027   1.5866452386923458E-027
   1.9554542576976004        1.2486742766006832E-027   1.5680242314670282E-027
   1.9491189856615960        1.2736807952939449E-027   1.5818389499753894E-027
   1.9523585819620595        1.2629698351112444E-027   1.5767881544529079E-027
   1.9399057306344549        1.3039073793298765E-027   1.5961878970569913E-027
   1.9615718369892006        1.2193169361616436E-027   1.5494113741783975E-027
   1.9406183870112204        1.3018329309505192E-027   1.5949896097648554E-027
   1.9608591806124351        1.2227221579519495E-027   1.5515816799598391E-027
   1.9422432491357751        1.2964468543753168E-027   1.5924873887268408E-027
   1.9592343184878804        1.2305006676907335E-027   1.5565280199211986E-027
   1.9446158147897559        1.2885863079724553E-027   1.5888239797039030E-027
   1.9568617528338996        1.2418947409830206E-027   1.5637454597504160E-027
   1.9475356998034810        1.2789193168405014E-027   1.5842995887124772E-027
   1.9539418678201745        1.2559756605905299E-027   1.5726194362556648E-027
   1.9724993929444958        1.2090624002921886E-027   1.5206894126890699E-027
   1.9619029932950880        1.2177359331945844E-027   1.5484027014936772E-027
   1.9830957925939037        1.1775809021185216E-027   1.4882512606024661E-027
   1.9630872400457415        1.2120890474075933E-027   1.5447946779622219E-027
   1.9819115458432501        1.1848772241550808E-027   1.4924866543051997E-027
   1.9651072099161211        1.2024822729565817E-027   1.5386372297944143E-027
   1.9798915759728706        1.1973805879001173E-027   1.4997120345884177E-027
   1.9677839190587232        1.2045025503729504E-027   1.5321110170173374E-027
   1.9772148668302685        1.2136895758508613E-027   1.5092296623672254E-027
   1.9708795947942641        1.2074885280473219E-027   1.5246171552300012E-027
   1.9741191910947276        1.2106442165476205E-027   1.5167571688684412E-027
   1.9616663397671230        1.2188656757565492E-027   1.5491235385642960E-027
   1.9833324461218687        1.1761258630379347E-027   1.4874049415255267E-027
   1.9623789961438887        1.2154648882101891E-027   1.5469526430009909E-027
   1.9826197897451030        1.1805106014011549E-027   1.4899536000661188E-027
   1.9640038582684431        1.2077257670669413E-027   1.5420010641944120E-027
   1.9809949276205485        1.1905419185216832E-027   1.4957652141181319E-027
   1.9663764239224240        1.2031543800450589E-027   1.5355126758931573E-027
   1.9786223619665677        1.2052742230153539E-027   1.5042526084735004E-027
   1.9692963089361490        1.2059577647273532E-027   1.5284519800128864E-027
   1.9757024769528426        1.2121980999918042E-027   1.5129092440692406E-027
   2.0541016771920004        8.2624099376056823E-029   1.1127988181402912E-028
   2.0488034773672967        1.1234503529847586E-028   1.5293764372927372E-028
   2.0593998770167041        5.0517929559486173E-029   6.0820130945094996E-029
   2.0493956007426233        1.0887077747353950E-028   1.4825920724696454E-028
   2.0588077536413776        5.3389242602604561E-029   6.5092161703840817E-029
   2.0504055856778129        1.0318064578888531E-028   1.4059330622241476E-028
   2.0577977687061879        5.8658252572028706E-029   7.3067183573737122E-029
   2.0517439402491142        9.6077543845762545E-029   1.3101726067485768E-028
   2.0564594141348866        6.6427480467822214E-029   8.5124701367252237E-029
   2.0532917781168845        8.8445916642961538E-029   1.2071999050106176E-028
   2.0549115762671164        7.6668040686667255E-029   1.0151191735727709E-028
   2.0486851506033141        1.1305191208165296E-028   1.5388932803316924E-028
   2.0595182037806867        4.9962475016001862E-029   5.9999984290640547E-029
   2.0490414787916968        1.1093601274227252E-028   1.5104044795988045E-028
   2.0591618755923040        5.1653466920711820E-029   6.2503175239400709E-029
   2.0498539098539741        1.0625247995241208E-028   1.4473232611997618E-028
   2.0583494445300268        5.5720356653426875E-029   6.8599342697080994E-029
   2.0510401926809645        9.9752112047089841E-029   1.3597206511017474E-028
   2.0571631617030364        6.2224852922868952E-029   7.8559923649852041E-029
   2.0525001351878269        9.2273593344302444E-029   1.2588580199699556E-028
   2.0557032191961739        7.1251792680516355E-029   9.2777959631959173E-029
   2.0649819817583341        4.0176041089793414E-028   5.6766459511676916E-028
   2.0596837819336300        4.9195199680304586E-029   5.8870495596660530E-029
   2.0702801815830383        3.7187016610529057E-028   5.4453612875980390E-028
   2.0602759053089570        4.6544249749739654E-029   5.4999256727036554E-029
   2.0696880582077113        3.7522880816820725E-028   5.4713497799961938E-028
   2.0612858902441467        4.2340576449612288E-029   4.8963890463053838E-029
   2.0686780732725216        3.8094708824047525E-028   5.5155966736528504E-028
   2.0626242448154479        3.7336570990836446E-029   4.1956706173963010E-029
   2.0673397187012204        3.8850405683769536E-028   5.5740709669127259E-028
   2.0641720826832182        4.0629747965885912E-028   5.7117528708079449E-028
   2.0657918808334501        3.9721487323777765E-028   5.6414735008995256E-028
   2.0595654551696478        4.9742333804932867E-029   5.9675512088909962E-029
   2.0703985083470204        3.7119844391274527E-028   5.4401636372478042E-028
   2.0599217833580306        4.8112418240027015E-029   5.7283389468474685E-029
   2.0700421801586377        3.7322070813918469E-028   5.4558115084681871E-028
   2.0607342144203078        4.4588554559145646E-029   5.2175213837345144E-029
   2.0692297490963605        3.7782528695107654E-028   5.4914408072168681E-028
   2.0619204972472982        3.9891236767170252E-029   4.5508967725136157E-029
   2.0680434662693701        3.8453327606595251E-028   5.5433458690999601E-028
   2.0633804397541606        4.1072410760418080E-028   5.7460052217734216E-028
   2.0665835237625076        3.9276359786236586E-028   5.6070304331093510E-028
   2.0105804589266647        9.4537329215646111E-028   1.2282042862705945E-027
   2.0052822591019610        1.0180450159375729E-027   1.3138366466707825E-027
   2.0158786587513684        6.9636480024776250E-028   9.0705997104161707E-028
   2.0058743824772876        1.0096987951225725E-027   1.3040306103632429E-027
   2.0152865353760419        7.2498147938681605E-028   9.4415874348705249E-028
   2.0068843674124772        9.9559442260043092E-028   1.2874426679612553E-027
   2.0142765504408522        7.7643447389022977E-028   1.0108456970308742E-027
   2.0082227219837785        9.7715813171566220E-028   1.2657280777752975E-027
   2.0129381958695509        8.5007582106690057E-028   1.1062550861091245E-027
   2.0097705598515487        9.5619265932630159E-028   1.2409897107943346E-027
   2.0113903580017807        9.3465649332910304E-028   1.2155270878022781E-027
   2.0051639323379784        1.0197197610384251E-027   1.3158034442373393E-027
   2.0159969855153510        6.9077851652987085E-028   8.9981707577033015E-028
   2.0055202605263611        1.0146833971571537E-027   1.3098879290002655E-027
   2.0156406573269683        7.0773349043864253E-028   9.2179921490738536E-028
   2.0063326915886384        1.0032780116470973E-027   1.2964818244326033E-027
   2.0148282262646910        7.4790778636535215E-028   9.7387558402544998E-028
   2.0075189744156288        9.8681661380279245E-028   1.2771085611837485E-027
   2.0136419434377006        8.1055008266946844E-028   1.0550507089130709E-027
   2.0089789169224912        9.6686798993229757E-028   1.2535921773040978E-027
   2.0121820009308382        8.9462120820421282E-028   1.1639490566811270E-027
   2.0214607634929984        4.7508969118712481E-028   6.1993286231023127E-028
   2.0161625636682943        6.8303409645824815E-028   8.8977559949960720E-028
   2.0267589633177026        3.3670897258785340E-028   4.4728579643306258E-028
   2.0167546870436213        6.5601982901972694E-028   8.5474451503643034E-028
   2.0261668399423756        3.4978740689362643E-028   4.6354005074965580E-028
   2.0177646719788109        6.1230621391965891E-028   7.9804404856703826E-028
   2.0251568550071859        3.7323349015034021E-028   4.9258430685821476E-028
   2.0191030265501122        5.5869660340174829E-028   7.2848180026167010E-028
   2.0238185004358846        4.0664651497209201E-028   5.3377783343614745E-028
   2.0206508644178824        5.0234461378546119E-028   6.5532764541229014E-028
   2.0222706625681144        4.4926671414929148E-028   5.8638900308719963E-028
   2.0160442369043121        6.8855986635879809E-028   8.9694041002332924E-028
   2.0268772900816847        3.3415258422977139E-028   4.4410402036230108E-028
   2.0164005650926948        6.7204907884437195E-028   8.7553143202384204E-028
   2.0265209618933020        3.4190810313199807E-028   4.5375212561767491E-028
   2.0172129961549721        6.3582223786137221E-028   8.2854868414491235E-028
   2.0257085308310248        3.6024514988940244E-028   4.7650951583969643E-028
   2.0183992789819625        5.8629406418755033E-028   7.6429513820685273E-028
   2.0245222480040344        3.8873290383527108E-028   5.1172070438635533E-028
   2.0198592214888249        5.3044234110686766E-028   6.9180762405045855E-028
   2.0230623054971719        4.2678156666553210E-028   5.5849704892907097E-028
   2.0758622863246683        2.6526145660256291E-028   3.9534312506657558E-028
   2.0705640864999642        3.7025817582471584E-028   5.4328880331196403E-028
   2.0811604861493724        9.5735311596824206E-029   1.4019310067405532E-028
   2.0711562098752911        3.6689275210774866E-028   5.4068470656552444E-028
   2.0805683627740454        1.1478425700795350E-028   1.6886324406778908E-028
   2.0721661948104808        3.6114174957053150E-028   5.3623469721887701E-028
   2.0795583778388558        1.4721617529566631E-028   2.1767580181176433E-028
   2.0735045493817821        3.4003940963382053E-028   5.0788975638000686E-028
   2.0782200232675545        1.9007643833812425E-028   2.8218382893868804E-028
   2.0750523872495523        2.9099399181602020E-028   4.3407259058455079E-028
   2.0766721853997843        2.3948088900097400E-028   3.5654136707121889E-028
   2.0704457597359820        3.7093015416540382E-028   5.4380876654923523E-028
   2.0812788129133546        9.1925557792298171E-029   1.3445912509098874E-028
   2.0708020879243647        3.6890600982327034E-028   5.4224252463173198E-028
   2.0809224847249719        1.0339507438105612E-028   1.5172163900760578E-028
   2.0716145189866420        3.6428473017791959E-028   5.3866667199000571E-028
   2.0801100536626946        1.2951050102845692E-028   1.9102738589331370E-028
   2.0728008018136324        3.5752135620470820E-028   5.3343331011946339E-028
   2.0789237708357042        1.6755567406983830E-028   2.4828832832315254E-028
   2.0742607443204948        3.1610014856217595E-028   4.7185930782493426E-028
   2.0774638283288418        2.1423494136864753E-028   3.1854425368211702E-028
   2.0867425908910020        3.0479679935709307E-029   4.3598702346731867E-029
   2.0814443910662983        8.6592713403055241E-029   1.2643277979805004E-028
   2.0920407907157057        2.1971890508646215E-030   2.9164639777304583E-030
   2.0820365144416249        6.7505305019289624E-029   9.7704746641023260E-029
   2.0914486673403792        3.5472487155560884E-030   4.8484796316829286E-030
   2.0830464993768145        5.1428395449914761E-029   7.3739590302002139E-029
   2.0904386824051895        9.3519182001994892E-030   1.3200203747434719E-029
   2.0843848539481158        4.3863448920139267E-029   6.2855189987006419E-029
   2.0891003278338882        1.7023054356231632E-029   2.4237389068501276E-029
   2.0859326918158860        3.5085292856628212E-029   5.0225230971870199E-029
   2.0875524899661180        2.5865470170928329E-029   3.6959804633501233E-029
   2.0813260643023157        9.0403919982825033E-029   1.3216894192077321E-028
   2.0921591174796883        2.1675113002646096E-030   2.8770708765628818E-030
   2.0816823924906984        7.8923740090102223E-029   1.1489037890290010E-028
   2.0918027892913056        2.2568581374324193E-030   2.9956664211845544E-030
   2.0824948235529757        5.4539921708805574E-029   7.8216435876400912E-029
   2.0909903582290283        6.1829540269379553E-030   8.6407168416255267E-030
   2.0836811063799661        4.7844234288119959E-029   6.8582720425277128E-029
   2.0898040754020379        1.2992284669429172E-029   1.8437941488002645E-029
   2.0851410488868285        3.9578796467738886E-029   5.6690457385262832E-029
   2.0883441328951755        2.1346946766539365E-029   3.0458579889549678E-029
   2.0323410680593326        2.3448998208921607E-028   3.1871214392637149E-028
   2.0270428682346284        3.3060675061289355E-028   4.3968819039112665E-028
   2.0376392678840367        1.8743626083476592E-028   2.5497931381164302E-028
   2.0276349916099554        3.1822098865883493E-028   4.2423973517020086E-028
   2.0370471445087097        1.9182230089791128E-028   2.6101118949033227E-028
   2.0286449765451451        2.9812002356213794E-028   3.9908646730784146E-028
   2.0360371595735201        1.9952719943022275E-028   2.7161089956983889E-028
   2.0299833311164464        2.7336226713791135E-028   3.6795714675234224E-028
   2.0346988050022188        2.1018635444319816E-028   2.8628208162349657E-028
   2.0315311689842166        2.4719947803706928E-028   3.3486609950650710E-028
   2.0331509671344485        2.2318140828526917E-028   3.0417923641036749E-028
   2.0269245414706463        3.3313698022471257E-028   4.4283953485800332E-028
   2.0377575946480189        1.8657116943793035E-028   2.5378978117453872E-028
   2.0272808696590290        3.2557347211304872E-028   4.3341480301420859E-028
   2.0374012664596362        1.8918774337179219E-028   2.5738784863052553E-028
   2.0280933007213062        3.0894272297258790E-028   4.1264230479534805E-028
   2.0365888353973589        1.9528325187330676E-028   2.6577189712463048E-028
   2.0292795835482966        2.8612243003234532E-028   3.8402253035373772E-028
   2.0354025525703685        2.0451641239326548E-028   2.7847698641157115E-028
   2.0307395260551591        2.6026322684373492E-028   3.5141562886172544E-028
   2.0339426100635061        2.1644349252087029E-028   2.9489813825250259E-028
   2.0432213726256663        1.5047901526619769E-028   2.0421859087633314E-028
   2.0379231728009626        1.8536692767492242E-028   2.5213400367078796E-028
   2.0485195724503700        1.1404821130233573E-028   1.5523055747733003E-028
   2.0385152961762891        1.8112003118670741E-028   2.4629564874826856E-028
   2.0479274490750434        1.1768024067952006E-028   1.6011895581750813E-028
   2.0395252811114788        1.7408670394350658E-028   2.3662996607722264E-028
   2.0469174641398538        1.2413206555971999E-028   1.6879850167155063E-028
   2.0408636356827801        1.6516217821802213E-028   2.2437137321148062E-028
   2.0455791095685525        1.3320422063453784E-028   1.8099481371434761E-028
   2.0424114735505503        1.5537827191338325E-028   2.1094060005230414E-028
   2.0440312717007822        1.4448720542935763E-028   1.9615062788418856E-028
   2.0378048460369800        1.8622676377060415E-028   2.5331622724918520E-028
   2.0486378992143526        1.1333537595888894E-028   1.5427094352177086E-028
   2.0381611742253627        1.8364876394078552E-028   2.4977180856909624E-028
   2.0482815710259699        1.1549501185700248E-028   1.5717802817197242E-028
   2.0389736052876399        1.7789594841148302E-028   2.4186437828156052E-028
   2.0474691399636926        1.2056715247634882E-028   1.6400330564909462E-028
   2.0401598881146303        1.6979982454520185E-028   2.3074070291913712E-028
   2.0462828571367022        1.2835756319393076E-028   1.7448030039229841E-028
   2.0416198306214928        1.6031196299633750E-028   2.1771217309175624E-028
   2.0448229146298398        1.3860696935524739E-028   1.8825371881428490E-028
   1.9670592406613290        1.2038076823826895E-027   1.5338628671055607E-027
   1.9617610408366251        1.2184135375633093E-027   1.5488350898157813E-027
   1.9723574404860329        1.2089241556973453E-027   1.5210338043427926E-027
   1.9623531642119518        1.2155880893514083E-027   1.5470313413281391E-027
   1.9717653171107061        1.2083481561668123E-027   1.5224699848339150E-027
   1.9633631491471415        1.2107749802287990E-027   1.5439538672356661E-027
   1.9707553321755165        1.2073681153563106E-027   1.5249182846863982E-027
   1.9647015037184428        1.2044092199755097E-027   1.5398742626718788E-027
   1.9694169776042152        1.2060741658469772E-027   1.5281598655605709E-027
   1.9662493415862130        1.2030329432071816E-027   1.5358196392051583E-027
   1.9678691397364450        1.2045843680084698E-027   1.5319049425784092E-027
   1.9616427140726427        1.2189784844034424E-027   1.5491954983261792E-027
   1.9724757672500153        1.2090393874805184E-027   1.5207467335172591E-027
   1.9619990422610254        1.2172775355103522E-027   1.5481101238985550E-027
   1.9721194390616326        1.2086925077895424E-027   1.5216111432991160E-027
   1.9628114733233026        1.2134030262694306E-027   1.5456349783136322E-027
   1.9713070079993553        1.2079030540136270E-027   1.5235811879221462E-027
   1.9639977561502930        1.2077547927404675E-027   1.5420196646327790E-027
   1.9701207251723649        1.2067538937698800E-027   1.5264557308761527E-027
   1.9654576986571555        1.2022775431919848E-027   1.5377311856312882E-027
   1.9686607826655025        1.2053454328816672E-027   1.5299900422084032E-027
   1.9779395452276627        1.2095327792212425E-027   1.5066955474647279E-027
   1.9726413454029588        1.2092007058972101E-027   1.5203449864651219E-027
   1.9832377450523666        1.1767080017538922E-027   1.4877436085521436E-027
   1.9732334687782855        1.2097782759609135E-027   1.5189079160637285E-027
   1.9826456216770398        1.1803515067918201E-027   1.4898612147073220E-027
   1.9742434537134752        1.2107658948434462E-027   1.5164553222950711E-027
   1.9816356367418502        1.1865807559132142E-027   1.4934734969274329E-027
   1.9755818082847765        1.2120794023924498E-027   1.5132026596931140E-027
   1.9802972821705489        1.1948634520339260E-027   1.4982607318391625E-027
   1.9771296461525467        1.2136053466404256E-027   1.5094371030835244E-027
   1.9787494443027787        1.2044825614865843E-027   1.5037979550086817E-027
   1.9725230186389764        1.2090854147938539E-027   1.5206320909032764E-027
   1.9833560718163490        1.1759806582028614E-027   1.4873204525576540E-027
   1.9728793468273591        1.2094327298923118E-027   1.5197674344064036E-027
   1.9829997436279663        1.1781717359965647E-027   1.4885947561504909E-027
   1.9736917778896363        1.2102260513438156E-027   1.5177951982518533E-027
   1.9821873125656890        1.1831759358497693E-027   1.4915003464624918E-027
   1.9748780607166267        1.2113880379999164E-027   1.5149133876298273E-027
   1.9810010297386986        1.1905041576822315E-027   1.4957433871643815E-027
   1.9763380032234892        1.2128239819259455E-027   1.5113635046062410E-027
   1.9795410872318362        1.1995575073675019E-027   1.5009658512843993E-027
   1.9888198497939968        1.1426698984718979E-027   1.4677871747235446E-027
   1.9835216499692929        1.1749632871088692E-027   1.4867283263817080E-027
   1.9941180496187008        1.1177106297870838E-027   1.4352899192833135E-027
   1.9841137733446197        1.1713291024903123E-027   1.4846109093741765E-027
   1.9935259262433740        1.1204600863524156E-027   1.4389599604841393E-027
   1.9851237582798094        1.1651448254802250E-027   1.4809995398426174E-027
   1.9925159413081843        1.1251567623078518E-027   1.4452300181230518E-027
   1.9864621128511106        1.1569781936504608E-027   1.4762146606254304E-027
   1.9911775867368831        1.1313938484160800E-027   1.4535581161572328E-027
   1.9880099507188809        1.1475735783095986E-027   1.4706817917718973E-027
   1.9896297488691128        1.1386261616276421E-027   1.4632173616474573E-027
   1.9834033232053105        1.1756902786203257E-027   1.4871514752319853E-027
   1.9942363763826831        1.1171615537025588E-027   1.4345570418373645E-027
   1.9837596513936933        1.1735017847804388E-027   1.4858772240774127E-027
   1.9938800481943004        1.1188154005625058E-027   1.4367645513411660E-027
   1.9845720824559705        1.1685205378034937E-027   1.4829720995737065E-027
   1.9930676171320232        1.1225902541641096E-027   1.4418036042113323E-027
   1.9857583652829609        1.1612684336179565E-027   1.4787306037018326E-027
   1.9918813343050328        1.1281122964849202E-027   1.4491761825195173E-027
   1.9872183077898233        1.1523781742521590E-027   1.4735114500122930E-027
   1.9904213917981703        1.1349246519117472E-027   1.4582734408740010E-027
   1.9997001543603306        1.0919394952655190E-027   1.4009074023610706E-027
   1.9944019545356266        1.1163934170738929E-027   1.4335317979017922E-027
   2.0049983541850342        1.0220671393055989E-027   1.3185596840818215E-027
   1.9949940779109534        1.1136484149091356E-027   1.4298682281060884E-027
   2.0044062308097077        1.0304985029857377E-027   1.3284549209160216E-027
   1.9960040628461431        1.1089732319818543E-027   1.4236293957810854E-027
   2.0033962458745180        1.0450137062587293E-027   1.3454732710496022E-027
   1.9973424174174443        1.1027916154029488E-027   1.4153818844429910E-027
   2.0020578913032168        1.0645103212492531E-027   1.3682986966414144E-027
   1.9988902552852146        1.0956618141114771E-027   1.4058715690762262E-027
   2.0005100534354465        1.0874355277336259E-027   1.3950900961288864E-027
   1.9942836277716443        1.1169423249122391E-027   1.4342644309177171E-027
   2.0051166809490168        1.0203891783007666E-027   1.3165895173478297E-027
   1.9946399559600270        1.1152897129713488E-027   1.4320587155187914E-027
   2.0047603527606341        1.0254491467803235E-027   1.3225297621256450E-027
   1.9954523870223042        1.1115258289776065E-027   1.4270355994215141E-027
   2.0039479216983569        1.0370642099732001E-027   1.3361555366617026E-027
   1.9966386698492946        1.1060401647793116E-027   1.4197158716444147E-027
   2.0027616388713665        1.0542209730368773E-027   1.3562572968410299E-027
   1.9980986123561570        1.0993057538352508E-027   1.4107318517502359E-027
   2.0013016963645041        1.0756595960392571E-027   1.3813346408215265E-027
