 log10Enu, nu, nubar
   1.4176038600614644        6.0671820026609120E-027   6.1861821230917565E-027
  0.73943428249936372        1.2558572289797313E-026   1.3821850714036751E-026
   2.0957734376235653        2.5141809348234151E-030   3.3372267748302057E-030
  0.81522607454118445        1.1110433581493166E-026   1.2402503012200904E-026
   2.0199816455817445        1.0519999621464757E-027   1.3720812123862724E-027
  0.94450414624547396        9.5464158582689078E-027   1.0399053494126478E-026
   1.8907035738774549        2.8759076415518911E-027   3.4557929131857268E-027
   1.1158135313720212        8.6330026143254807E-027   9.0586283844853864E-027
   1.7193941887509077        4.0712975994256543E-027   4.5310745996310696E-027
   1.3139367784466298        6.1694598123405597E-027   6.3550390737314896E-027
   1.5212709416762991        5.8578632194567611E-027   6.1559445707720258E-027
  0.72428845670960518        1.2842369756080174E-026   1.4096035929042635E-026
   2.1109192634133236        0.0000000000000000        0.0000000000000000     
  0.76989846482260105        1.1977449006582981E-026   1.3258046515586132E-026
   2.0653092553003276        7.9984923428201090E-028   1.1324881901386908E-027
  0.87388964079409281        1.0429091896098238E-026   1.1523726688789627E-026
   1.9613180793288361        2.4410579907270461E-027   3.1003684427062838E-027
   1.0257338426488676        9.2491061860674535E-027   9.9250891388198791E-027
   1.8094738774740613        3.3994682485071889E-027   3.9293649554486137E-027
   1.2126064835272681        7.4799426378271925E-027   7.6338748930829888E-027
   1.6226012365956608        4.9739470610688017E-027   5.3204301152993824E-027
   1.0694341139387782        9.1583852684233981E-027   9.7412452471245006E-027
  0.73034932515772777        1.2729230641592237E-026   1.3986817622059637E-026
   1.4085189027198286        5.9184090290637393E-027   6.0252328350269347E-027
  0.76824522117863814        1.2009318919127772E-026   1.3289051030204773E-026
   1.3706230066989182        5.7655958224556618E-027   5.8760656211273741E-027
  0.83288425703078295        1.0910506190275297E-026   1.2143715907453837E-026
   1.3059839708467733        6.2468051321013584E-027   6.4451848182343018E-027
  0.91853894959405658        9.8785496588069640E-027   1.0820359026144636E-026
   1.2203292782834998        7.3851776341087777E-027   7.5207731523065797E-027
   1.0176005731313609        9.2630748809460579E-027   9.9553456437871887E-027
   1.1212676547461955        8.5696014323593659E-027   8.9768852048670429E-027
  0.72277641226284861        1.2870504832340272E-026   1.4123177882987546E-026
   1.4160918156147078        6.0419460583468298E-027   6.1588633853176427E-027
  0.74558141631934649        1.2442390469579423E-026   1.3709388505367381E-026
   1.3932868115582098        5.6836326072884448E-027   5.7717521610605887E-027
  0.79757700430509237        1.1438691306624408E-026   1.2732383097903917E-026
   1.3412912235724641        5.9001230586216457E-027   6.0422889009663594E-027
  0.87349910523247976        1.0433788095488765E-026   1.1529752763131753E-026
   1.2653691226450765        6.7556223542882229E-027   6.9392115469012713E-027
  0.96693542567168000        9.3448608049075362E-027   1.0133427674411721E-026
   1.1719328022058764        7.9705982941704088E-027   8.2233313811638720E-027
   1.7657736061841507        3.7772270293959982E-027   4.2244879118262034E-027
   1.4266888174031003        6.2229597739072239E-027   6.3549712365655874E-027
   2.1048583949652011        0.0000000000000000        0.0000000000000000     
   1.4645847134240106        6.2308356734026458E-027   6.5246177219779100E-027
   2.0669624989442905        7.8125962080850997E-028   1.1181039235395538E-027
   1.5292237492761556        5.8144279592180459E-027   6.0913586176657554E-027
   2.0023234630921460        2.1212353326470230E-027   2.7274888879771105E-027
   1.6148784418394291        5.0668596366103414E-027   5.3876923101682248E-027
   1.9166687705288723        2.7067941834100176E-027   3.3050027277297101E-027
   1.7139400653767334        4.1142632472940068E-027   4.5716155726012708E-027
   1.8176071469915680        3.3381325180430135E-027   3.8770815461049084E-027
   1.4191159045082211        6.0926119196872179E-027   6.2137179522919113E-027
   2.1124313078600805        0.0000000000000000        0.0000000000000000     
   1.4419209085647191        6.3609193822742890E-027   6.5368461654494869E-027
   2.0896263038035823        2.8022204345898665E-029   3.9807620170072984E-029
   1.4939164965504648        6.0374406405785835E-027   6.3752426934120735E-027
   2.0376307158178366        3.7499786272884326E-028   5.1013098083326958E-028
   1.5698385974778524        5.5254449527295818E-027   5.7667826571153151E-027
   1.9617086148904490        2.4373276600393623E-027   3.0979895489082079E-027
   1.6632749179170525        4.5311260434502924E-027   4.9326692589741784E-027
   1.8682722944512489        2.9929532415102997E-027   3.5664143545438375E-027
   1.5916887331228076        5.3187475538455982E-027   5.5861894144192280E-027
   1.4221463387322824        6.1441699378491408E-027   6.2695674014007039E-027
   1.7612311275133328        3.7990134955288037E-027   4.2586691901953378E-027
   1.4410942867427377        6.3655864152814368E-027   6.5372806474239385E-027
   1.7422831795028775        3.9016706698014874E-027   4.3906809416130304E-027
   1.4734138046688099        6.1790505275069467E-027   6.5196849830329165E-027
   1.7099636615768052        4.1455307340652550E-027   4.6010782087084845E-027
   1.5162411509504468        5.8850901936224972E-027   6.1965317244495302E-027
   1.6671363152951684        4.4946893602927526E-027   4.9089582922049807E-027
   1.5657719627190989        5.5588371477637385E-027   5.7989984981417479E-027
   1.6176055035265162        5.0340429644764550E-027   5.3639809554871311E-027
   1.4183598822848427        6.0798725985760236E-027   6.1999227672118727E-027
   1.7650175839607725        3.7808601437379743E-027   4.2301825053102403E-027
   1.4297623843130918        6.2773199525584932E-027   6.4139337210792194E-027
   1.7536150819325234        3.8353098051460879E-027   4.3157900079212579E-027
   1.4557601783059646        6.2819733904015072E-027   6.5294523405202105E-027
   1.7276172879396505        4.0070270638282301E-027   4.4714753848620934E-027
   1.4937212287696584        6.0388276350731168E-027   6.3767898430067115E-027
   1.6896562374759567        4.2977437526772921E-027   4.7576381691488098E-027
   1.5404393889892585        5.7523709081284046E-027   5.9994318994887723E-027
   1.6429380772563567        4.7428302361727670E-027   5.1238562851433049E-027
   1.9398584792454938        2.6078855773120496E-027   3.1926072187130048E-027
   1.7703160848549686        3.7391387191544618E-027   4.1891173706003647E-027
   2.1094008736360190        0.0000000000000000        0.0000000000000000     
   1.7892640328654239        3.5577061416278410E-027   4.0466242214781343E-027
   2.0904529256255637        1.8540304372956083E-029   2.6165118581192986E-029
   1.8215835507914961        3.3083085241434095E-027   3.8513956622518584E-027
   2.0581334076994913        1.1370666686621499E-028   1.4063224525558158E-028
   1.8644108970731330        3.0206797980362599E-027   3.5936860833014021E-027
   2.0153060614178546        1.4480399004705918E-027   1.8858246503190627E-027
   1.9139417088417852        2.7281963390366265E-027   3.3180583687978961E-027
   1.9657752496492025        2.4051606674776927E-027   3.0739290834678856E-027
   1.7665296284075289        3.7735910852699231E-027   4.2187910825259770E-027
   2.1131873300834587        0.0000000000000000        0.0000000000000000     
   1.7779321304357780        3.6635219532232438E-027   4.1288479000990974E-027
   2.1017848280552096        0.0000000000000000        0.0000000000000000     
   1.8039299244286509        3.4413380613527953E-027   3.9646812091784568E-027
   2.0757870340623366        5.3530886687584308E-028   7.9788948238846908E-028
   1.8418909748923447        3.1935452163459851E-027   3.7211767228175261E-027
   2.0378259835986432        3.7214578040296875E-028   5.0620931176205889E-028
   1.8886091351119447        2.8927077205193727E-027   3.4667913275135193E-027
   1.9911078233790429        2.2634387643107372E-027   2.9079856727497525E-027
  0.89534924087743506        1.0167826732054057E-026   1.1189170241992881E-026
  0.72580684648690985        1.2814080081189790E-026   1.4068737579349702E-026
   1.0648916352679603        9.1783927551142486E-027   9.7726347565398144E-027
  0.74475479449736504        1.2458046525926573E-026   1.3724550707654038E-026
   1.0459436872575050        9.2133386357220276E-027   9.8478274942887986E-027
  0.77707431242343750        1.1838699458248842E-026   1.3122947861602992E-026
   1.0136241693314327        9.2698171666357004E-027   9.9699662007124923E-027
  0.81990165870507425        1.1057934457655875E-026   1.2334474586217458E-026
  0.97079682304979587        9.3389337803429463E-027   1.0120468567514561E-026
  0.86943247047372640        1.0482563962752509E-026   1.1592366866181689E-026
  0.92126601128114372        9.8440686800181328E-027   1.0776512877668676E-026
  0.72202039003947027        1.2884558705428378E-026   1.4136732988236182E-026
   1.0686780917154000        9.1667388811561537E-027   9.7521731357442108E-027
  0.73342289206771927        1.2671636552550684E-026   1.3931174381824145E-026
   1.0572755896871509        9.1926065816961293E-027   9.8031834599055287E-027
  0.75942068606059210        1.2178802534853261E-026   1.3453765989441509E-026
   1.0312777956942780        9.2394458824083581E-027   9.9041918658205283E-027
  0.79738173652428590        1.1442524753857901E-026   1.2736133801447468E-026
  0.99331674523058422        9.3033762875441729E-027   1.0042899644478105E-026
  0.84409989674388597        1.0781195634649148E-026   1.1976741528832342E-026
  0.94659858501098415        9.5192584306250194E-027   1.0364708129540624E-026
   1.2435189870001213        7.0689522691955910E-027   7.2147272601275420E-027
   1.0739765926095961        9.1080480042611664E-027   9.6754444221718629E-027
   1.4130613813906465        5.9919448368105479E-027   6.1047562892908448E-027
   1.0929245406200514        8.8954202743041080E-027   9.3984232238801908E-027
   1.3941134333801912        5.6959247319482294E-027   5.7850077486277531E-027
   1.1252440585461236        8.5231717152850720E-027   8.9171113630466199E-027
   1.3617939154541190        5.8009907187913603E-027   5.9205624413692874E-027
   1.1680714048277605        8.0163861958465663E-027   8.2786620878226061E-027
   1.3189665691724821        6.1203116509417698E-027   6.2978335299322996E-027
   1.2176022165964127        7.4186952695268430E-027   7.5607481972902848E-027
   1.2694357574038300        6.6971529301910948E-027   6.8876009151396229E-027
   1.0701901361621564        9.1500247335279685E-027   9.7303105959697593E-027
   1.4168478378380862        6.0545398995939340E-027   6.1724957514355412E-027
   1.0815926381904055        9.0230950581931107E-027   9.5645835757464877E-027
   1.4054453358098371        5.8695934846540553E-027   5.9724761800405684E-027
   1.1075904321832784        8.7279647141650494E-027   9.1813210664858839E-027
   1.3794475418169643        5.7297153011265087E-027   5.8310231142411074E-027
   1.1455514826469722        8.2834105516060360E-027   8.6096386434091842E-027
   1.3414864913532705        5.8981830624390857E-027   6.0400428576450510E-027
   1.1922696428665722        7.7271182434282564E-027   7.9300241263672513E-027
   1.2947683311336704        6.3550979063257751E-027   6.5716443989509171E-027
   1.8528160427148221        3.1052858685979969E-027   3.6716761147412715E-027
   1.7680448455195596        3.7617299693797651E-027   4.2070545101721457E-027
   1.9375872399100846        2.6112828143126269E-027   3.2037212000348581E-027
   1.7775188195247871        3.6676198412865577E-027   4.1321232832649441E-027
   1.9281132659048572        2.6253102142516688E-027   3.2498676219301644E-027
   1.7936785784878233        3.5226856687066974E-027   4.0220737970828257E-027
   1.9119535069418210        2.7404067063184386E-027   3.3297137300028103E-027
   1.8150922516286419        3.3571014581854371E-027   3.8932778413864794E-027
   1.8905398338010024        2.8772204375864151E-027   3.4566534039510898E-027
   1.8398576575129679        3.2099979985812704E-027   3.7303250004253665E-027
   1.8657744279166764        3.0108880054276422E-027   3.5840599080734180E-027
   1.7661516172958398        3.7754094108129938E-027   4.2216397758721496E-027
   1.9394804681338045        2.6084519184072266E-027   3.1944583128406457E-027
   1.7718528683099641        3.7238631823674168E-027   4.1769709536251605E-027
   1.9337792171196801        2.6169488218954507E-027   3.2223111810554114E-027
   1.7848517653064007        3.5950200909500810E-027   4.0739364147534056E-027
   1.9207803201232436        2.6745923380873360E-027   3.2852615834739933E-027
   1.8038322905382476        3.4421128745242627E-027   3.9652303044976862E-027
   1.9017997948913967        2.7940394652463298E-027   3.3945214541226215E-027
   1.8271913706480476        3.2797562574255988E-027   3.8131698111073644E-027
   1.8784407147815967        2.9482731058157567E-027   3.5160521792476268E-027
   2.0269009157761655        6.6728881921204744E-028   8.8694268824678868E-028
   1.9421297185809030        2.5936462262662625E-027   3.1853247953218816E-027
   2.1116721129714282        0.0000000000000000        0.0000000000000000     
   1.9516036925861304        2.5309294999549784E-027   3.1559340236263983E-027
   2.1021981389662003        0.0000000000000000        0.0000000000000000     
   1.9677634515491667        2.4089658067856028E-027   3.0643210163294756E-027
   2.0860383800031643        6.8969536482753365E-029   9.8722399415953952E-029
   1.9891771246899852        2.2814897846136607E-027   2.9320950583548457E-027
   2.0646247068623458        8.0752582821708647E-028   1.1384281831295535E-027
   2.0139425305743113        1.5884284393632385E-027   2.0677695031962737E-027
   2.0398593009780197        3.4363560419947622E-028   4.6702555630977661E-028
   1.9402364903571832        2.6061983027861020E-027   3.1911538525812276E-027
   2.1135653411951481        0.0000000000000000        0.0000000000000000     
   1.9459377413713075        2.5684175645373130E-027   3.1735556226062055E-027
   2.1078640901810233        0.0000000000000000        0.0000000000000000     
   1.9589366383677440        2.4638558104107120E-027   3.1148678098767581E-027
   2.0948651931845870        2.9731677133711847E-030   3.9464681167904497E-030
   1.9779171635995909        2.4193450173758930E-027   3.0135512502412690E-027
   2.0758846679527401        5.2909930848128798E-028   7.8854361437628819E-028
   2.0012762437093907        2.1520731058470081E-027   2.7635503458259341E-027
   2.0525255878429403        1.8429619595240690E-028   2.5143294399008333E-028
   1.9833796975108298        2.3516709267937928E-027   2.9744719275861018E-027
   1.9409940989131984        2.6011746638915963E-027   3.1888230235438944E-027
   2.0257652961084611        7.1786740412855288E-028   9.4976881513337825E-028
   1.9457310859158121        2.5697860249380947E-027   3.1741958471506942E-027
   2.0210283091058474        9.7891962541105657E-028   1.2771917089047596E-027
   1.9538109653973303        2.5132168499851063E-027   3.1460340921581027E-027
   2.0129484296243292        1.6989758543373467E-027   2.2109871396540276E-027
   1.9645178019677396        2.4105643091017868E-027   3.0808686636296210E-027
   2.0022415930539199        2.1236328422837361E-027   2.7302941995364251E-027
   1.9769005049099027        2.4267579643454371E-027   3.0199896177906607E-027
   1.9898588901117569        2.2751084264779320E-027   2.9235710974178117E-027
   1.9400474848013385        2.6074517269790300E-027   3.1917349714197460E-027
   2.0267119102203210        6.7546152392658858E-028   8.9711425055727855E-028
   1.9428981103084006        2.5885535003540187E-027   3.1829547870190971E-027
   2.0238612847132589        8.1107022225376127E-028   1.0648223453342290E-027
   1.9493975588066190        2.5455186954676255E-027   3.1628109552711464E-027
   2.0173618362150405        1.2587862465859478E-027   1.6404189208464202E-027
   1.9588878214225425        2.4643240484770264E-027   3.1151649064400613E-027
   2.0078715735991173        1.9639349975974654E-027   2.5427923213318002E-027
   1.9705673614774424        2.4143721133449341E-027   3.0507474983288807E-027
   1.9961920335442171        2.2162081882413987E-027   2.8449393650427750E-027
   2.0704221340415012        7.4212860537565285E-028   1.0878251359206765E-027
   2.0280365354438699        6.2015519063340824E-028   8.2812403282269448E-028
   2.1128077326391326        0.0000000000000000        0.0000000000000000     
   2.0327735224464836        4.5592840453004416E-028   6.2079281992915280E-028
   2.1080707456365189        0.0000000000000000        0.0000000000000000     
   2.0408534019280018        3.3045750998695203E-028   4.4892559199081297E-028
   2.0999908661550006        3.7025576133309144E-031   4.9146321298579078E-031
   2.0515602384984111        1.9404807430954035E-028   2.6458742486981667E-028
   2.0892840295845914        3.1943035942079101E-029   4.5448889476146723E-029
   2.0639429414405739        8.1515919618387927E-028   1.1443347287411757E-027
   2.0769013266424285        4.6435634981454048E-028   6.9110042953594721E-028
   2.0270899213320099        6.5921150648528445E-028   8.7688209950818515E-028
   2.1137543467509925        0.0000000000000000        0.0000000000000000     
   2.0299405468390721        5.4824418046092188E-028   7.3783018433229803E-028
   2.1109037212439303        0.0000000000000000        0.0000000000000000     
   2.0364399953372905        3.9283961720327846E-028   5.3467097304896659E-028
   2.1044042727457120        0.0000000000000000        0.0000000000000000     
   2.0459302579532141        2.6152883100716851E-028   3.5543148433553650E-028
   2.0949140101297883        2.9485221792483614E-030   3.9137545856298714E-030
   2.0576097980081141        1.1938672560123738E-028   1.4930733707550458E-028
   2.0832344700748884        1.0073462434594681E-028   1.4442581992040412E-028
   2.0486615249088334        2.2638711828542644E-028   3.0816004564482129E-028
   2.0274687256100177        6.4330586968701229E-028   8.5704813369104001E-028
   2.0698543242076490        7.4857235308923080E-028   1.0928111774616591E-027
   2.0298372191113248        5.5193107676215263E-028   7.4247703660301901E-028
   2.0674858307063420        7.7536034578298794E-028   1.1135391839429131E-027
   2.0338771588520839        4.3398645699751987E-028   5.9131050533439959E-028
   2.0634458909655828        8.2071686024397384E-028   1.1486351366879463E-027
   2.0392305771372881        3.5222387075803905E-028   4.7882550558056800E-028
   2.0580924726803786        1.1414105870019975E-028   1.4129226494671999E-028
   2.0454219286083699        2.6862074763232922E-028   3.6496250699863449E-028
   2.0519011212092968        1.9054942868921324E-028   2.5986889473515487E-028
   2.0269954185540877        6.6323830606602783E-028   8.8189859503816641E-028
   2.0703276312635790        7.4320164761288091E-028   1.0886554342824162E-027
   2.0284207313076190        6.0494877401783236E-028   8.0908830693632747E-028
   2.0689023185100477        7.5935723302431795E-028   1.1011562992387801E-027
   2.0316704555567280        4.8993474874434684E-028   6.6406589051224185E-028
   2.0656525942609387        7.9599443843106291E-028   1.1295054271412610E-027
   2.0364155868646896        3.9321357398565582E-028   5.3518545349390850E-028
   2.0609074629529771        8.7740687514140543E-029   1.0229023087990839E-028
   2.0422553568921398        3.1267952187628403E-028   4.2452015896740527E-028
   2.0550676929255269        1.5113816357836605E-028   1.9945613174315660E-028
   2.0921827431741691        4.3231694568859929E-030   5.7384083475525248E-030
   2.0709899438753534        7.3567642740025351E-028   1.0828325712137494E-027
   2.1133755424729848        0.0000000000000000        0.0000000000000000     
   2.0733584373766605        6.8932030217955512E-028   1.0296886628224897E-027
   2.1110070489716777        0.0000000000000000        0.0000000000000000     
   2.0773983771174196        4.3264792723481110E-028   6.4337678906507819E-028
   2.1069671092309186        0.0000000000000000        0.0000000000000000     
   2.0827517954026238        1.0618211493542160E-028   1.5226363715475480E-028
   2.1016136909457144        0.0000000000000000        0.0000000000000000     
   2.0889431468737056        3.5844857442788811E-029   5.1062807169315445E-029
   2.0954223394746325        2.6917243108035666E-030   3.5728910024154499E-030
   2.0705166368194234        7.4105532961829058E-028   1.0869946568657841E-027
   2.1138488495289147        0.0000000000000000        0.0000000000000000     
   2.0719419495729547        7.2483958044686554E-028   1.0744472384098273E-027
   2.1124235367753834        0.0000000000000000        0.0000000000000000     
   2.0751916738220637        5.7314384477224789E-028   8.5483406478802338E-028
   2.1091738125262744        0.0000000000000000        0.0000000000000000     
   2.0799368051300253        2.7014644385257803E-028   3.9879942639695415E-028
   2.1044286812183128        0.0000000000000000        0.0000000000000000     
   2.0857765751574755        7.1944173567122786E-029   1.0300228965584830E-028
   2.0985889111908627        1.0852493928781692E-030   1.4405181747731391E-030
   1.9616190883781619        2.4381825947070530E-027   3.0985349150318806E-027
   1.9404262890793462        2.6049396762447790E-027   3.1905701470510830E-027
   1.9828118876769776        2.3586555772493745E-027   2.9785331727015635E-027
   1.9427947825806531        2.5892382748069577E-027   3.1832736298504875E-027
   1.9804433941756707        2.3879152924724009E-027   2.9954761367247467E-027
   1.9468347223214122        2.5624787164718405E-027   3.1707747160055368E-027
   1.9764034544349116        2.4257770205888763E-027   3.0224085483609572E-027
   1.9521881406066168        2.5270661873061611E-027   3.1541088455093003E-027
   1.9710500361497070        2.4153075286945725E-027   3.0484081520264267E-027
   1.9583794920776982        2.4692019551074982E-027   3.1182582624832505E-027
   1.9648586846786256        2.4073250377857355E-027   3.0787900473014395E-027
   1.9399529820234163        2.6077439342253717E-027   3.1921443611126871E-027
   1.9832851947329075        2.3528326055885676E-027   2.9751478401401111E-027
   1.9413782947769473        2.5986274505437533E-027   3.1876401185676890E-027
   1.9818598819793765        2.3703922117563407E-027   2.9853428764832311E-027
   1.9446280190260565        2.5770917736076227E-027   3.1776102111565880E-027
   1.9786101577302673        2.4107005293830818E-027   3.0085925418710727E-027
   1.9493731503340181        2.5456801631690932E-027   3.1628869293631734E-027
   1.9738650264223057        2.4207909685340222E-027   3.0347489577162689E-027
   1.9552129203614683        2.4996764672539222E-027   3.1375153507221160E-027
   1.9680252563948555        2.4094686133437942E-027   3.0630547993208100E-027
   2.0051403066434976        2.0401088477200574E-027   2.6323928655996486E-027
   1.9839475073446819        2.3446978625399304E-027   2.9704109175992614E-027
   2.0263331059423133        6.9213277052252926E-028   9.1783887188995797E-028
   1.9863160008459888        2.3157363969694050E-027   2.9534740067593888E-027
   2.0239646124410062        8.0572607440477483E-028   1.0582488603858807E-027
   1.9903559405867479        2.2704609658653643E-027   2.9173637999163879E-027
   2.0199246727002471        1.0561256890290216E-027   1.3774372368640852E-027
   1.9957093588719526        2.2206729935492006E-027   2.8508970152662013E-027
   2.0145712544150429        1.5221345822848132E-027   1.9818617620910432E-027
   2.0019007103430342        2.1336396479198832E-027   2.7420000308637998E-027
   2.0083799029439611        1.9500234960166099E-027   2.5263952932193080E-027
   1.9834742002887520        2.3505095689395919E-027   2.9737960215451898E-027
   2.0268064129982433        6.7136318017296012E-028   8.9201452466519413E-028
   1.9848995130422831        2.3330326490231909E-027   2.9636026632596153E-027
   2.0253811002447120        7.3580086401994785E-028   9.7197659212023300E-028
   1.9881492372913923        2.2934587974447643E-027   2.9403679069010611E-027
   2.0221313759956030        9.0721799353505125E-028   1.1840604163514657E-027
   1.9928943685993541        2.2467919228354324E-027   2.8857584591625917E-027
   2.0173862446876414        1.2566896354251943E-027   1.6376993255629982E-027
   1.9987341386268040        2.1927599769806748E-027   2.8136588377898434E-027
   2.0115464746601912        1.8652048894547783E-027   2.4261916158921809E-027
   1.9942600020771637        2.2341038738215667E-027   2.8688214657914199E-027
   1.9836636024277559        2.3481829459020294E-027   2.9724413927493044E-027
   2.0048564017265713        2.0481663328391860E-027   2.6418528084346479E-027
   1.9848478491784094        2.3336648649955099E-027   2.9639721185479362E-027
   2.0036721549759182        2.0820632132336338E-027   2.6816131739776450E-027
   1.9868678190487890        2.3090179085742158E-027   2.9495286601985362E-027
   2.0016521851055384        2.1409599777273730E-027   2.7505601294880977E-027
   1.9895445281913910        2.2780498935278235E-027   2.9275000735767815E-027
   1.9989754759629363        2.1905397360621137E-027   2.8106976595169961E-027
   1.9926402039269320        2.2491568808778754E-027   2.8889158064422680E-027
   1.9958798002273954        2.2190959286886722E-027   2.8487925916169681E-027
   1.9834269488997909        2.3510902077468628E-027   2.9741339737494220E-027
   2.0050930552545365        2.0414480487594817E-027   2.6339653957968034E-027
   1.9841396052765565        2.3423414026374178E-027   2.9690370761760393E-027
   2.0043803988777711        2.0617352909149380E-027   2.6577759759396698E-027
   1.9857644674011110        2.3224623901068137E-027   2.9574175746965550E-027
   2.0027555367532162        2.1086196666956010E-027   2.7127226664679896E-027
   1.9881370330550918        2.2936067028121254E-027   2.9404551469974593E-027
   2.0003829710992354        2.1776114084067284E-027   2.7934572529073750E-027
   1.9910569180688169        2.2639138910009844E-027   2.9086201667487543E-027
   1.9974630860855105        2.2044700627230906E-027   2.8292787588701018E-027
   2.0160206112098313        1.3793366588981425E-027   1.7967552612211584E-027
   2.0054242115604235        2.0320778227918152E-027   2.6229606439919260E-027
   2.0266170108592392        6.7960133720495647E-028   9.0226359098263430E-028
   2.0066084583110770        1.9988620895690374E-027   2.5839138852574792E-027
   2.0254327641085856        7.3336440571956935E-028   9.6896144984176876E-028
   2.0086284281814564        1.9432521024445846E-027   2.5184102718050433E-027
   2.0234127942382063        8.3466497295667310E-028   1.0938121951259554E-027
   2.0113051373240589        1.8715586992276585E-027   2.4337119125778197E-027
   2.0207360850956038        9.9881419208224479E-028   1.3030265113735149E-027
   2.0144008130595994        1.5398373255437267E-027   2.0048037549931910E-027
   2.0176404093600633        1.2350572346156978E-027   1.6096378686613979E-027
   2.0051875580324587        2.0387703796337185E-027   2.6308211032866530E-027
   2.0268536643872039        6.6932301029666084E-028   8.8947512943051437E-028
   2.0059002144092242        2.0186719745700579E-027   2.6072083596562581E-027
   2.0261410080104385        7.0073795025213813E-028   9.2852387374907326E-028
   2.0075250765337787        1.9734650495777372E-027   2.5540190467804701E-027
   2.0245161458858840        7.7776981980052698E-028   1.0238162738522305E-027
   2.0098976421877595        1.9089763265447882E-027   2.4779526937600542E-027
   2.0221435802319032        9.0645382358280181E-028   1.1830676776793660E-027
   2.0128175272014843        1.7140750491767960E-027   2.2305452011045051E-027
   2.0192236952181783        1.1081848650565181E-027   1.4450123224710753E-027
   2.0813024386078354        1.8232951916378928E-028   2.6662812930492122E-028
   2.0707060389584275        7.3890357085966534E-028   1.0853296694960783E-027
   2.0918988382572432        4.4655634752876569E-030   5.9274166739636358E-030
   2.0718902857090811        7.2542828901953615E-028   1.0749027691862233E-027
   2.0907145915065897        1.5535060735029655E-029   2.1841191813100401E-029
   2.0739102555794604        6.5440187555201424E-028   9.7713371676703672E-028
   2.0886946216362103        3.8687604449335612E-029   5.5152934745462304E-029
   2.0765869647220629        4.8439176547993293E-028   7.2125528733423033E-028
   2.0860179124936078        6.9202153761756896E-029   9.9057087780887405E-029
   2.0796826404576034        2.8646002033585311E-028   4.2335262695192475E-028
   2.0829222367580673        1.0425919668486531E-028   1.4949695375128504E-028
   2.0704693854304628        7.4159199669016003E-028   1.0874099189823283E-027
   2.0921354917852080        4.3468750993767342E-030   5.7698743028220509E-030
   2.0711820418072282        7.3349165578708211E-028   1.0811420391654696E-027
   2.0914228354084425        7.3917608458700520E-030   1.0124660105994729E-029
   2.0728069039317827        7.1497303663187914E-028   1.0668127065327045E-027
   2.0897979732838881        2.6054526223308719E-029   3.6976536527507721E-029
   2.0751794695857635        5.7391887822496044E-028   8.5600055037263936E-028
   2.0874254076299072        5.3180122450332709E-029   7.6004683911733733E-029
   2.0780993545994884        3.8786863254880174E-028   5.7598047016082666E-028
   2.0845055226161824        8.6360464242315883E-029   1.2374436339669186E-028
   2.1030630477405028        0.0000000000000000        0.0000000000000000     
   2.0924666480910949        4.1806823229136544E-030   5.5492764231253334E-030
   2.1136594473899106        0.0000000000000000        0.0000000000000000     
   2.0936508948417485        3.5853230238570305E-030   4.7590194587452184E-030
   2.1124752006392571        0.0000000000000000        0.0000000000000000     
   2.0956708647121278        2.5660648652719672E-030   3.4060955024058909E-030
   2.1104552307688778        0.0000000000000000        0.0000000000000000     
   2.0983475738547304        1.2080981583053842E-030   1.6035828864492428E-030
   2.1077785216262752        0.0000000000000000        0.0000000000000000     
   2.1014432495902708        0.0000000000000000        0.0000000000000000     
   2.1046828458907347        0.0000000000000000        0.0000000000000000     
   2.0922299945631302        4.2994612350728495E-030   5.7069389685899489E-030
   2.1138961009178754        0.0000000000000000        0.0000000000000000     
   2.0929426509398956        3.9415753415241066E-030   5.2318950408669107E-030
   2.1131834445411100        0.0000000000000000        0.0000000000000000     
   2.0945675130644501        3.1233934103005437E-030   4.1458719111300940E-030
   2.1115585824165555        0.0000000000000000        0.0000000000000000     
   2.0969400787184309        1.9232017390691652E-030   2.5527837905876155E-030
   2.1091860167625747        0.0000000000000000        0.0000000000000000     
   2.0998599637321558        4.3711341559210144E-031   5.8020748385553225E-031
   2.1062661317488498        0.0000000000000000        0.0000000000000000     
   2.0377812203424996        3.7279778348848358E-028   5.0710580019348894E-028
   2.0271848206930918        6.5519153683600624E-028   8.7187217786061000E-028
   2.0483776199919075        2.2981806784317465E-028   3.1277860619957801E-028
   2.0283690674437453        6.0697249529910612E-028   8.1162337639701227E-028
   2.0471933732412539        2.4467346090244704E-028   3.3276754481952414E-028
   2.0303890373141247        5.3251481726761045E-028   7.1798297548082517E-028
   2.0451734033708746        2.7215460228610139E-028   3.6971071566090322E-028
   2.0330657464567272        4.4783678620816747E-028   6.1038915395147009E-028
   2.0424966942282721        3.0971153677935511E-028   4.2044718048442674E-028
   2.0361614221922677        3.9712752902072120E-028   5.4057049227268126E-028
   2.0394010184927316        3.4987591926088235E-028   4.7559919770420051E-028
   2.0269481671651270        6.6526059006977814E-028   8.8441718285405504E-028
   2.0486142735198722        2.2695472544789409E-028   3.0892418077199586E-028
   2.0276608235418925        6.3538192673267750E-028   8.4715561731059493E-028
   2.0479016171431068        2.3568236697994846E-028   3.2067106448019381E-028
   2.0292856856664470        5.7201871650338891E-028   7.6776074410651514E-028
   2.0462767550185523        2.5679770765180060E-028   3.4907162286187606E-028
   2.0316582513204278        4.9032434137081299E-028   6.6456052055894966E-028
   2.0439041893645715        2.9090619996231883E-028   3.9489488426470993E-028
   2.0345781363341526        4.2234656841572542E-028   5.7528179620332928E-028
   2.0409843043508467        3.2875811556734586E-028   4.4659205485749310E-028
   2.0595418294751671        9.9704571780334210E-029   1.1967506533905036E-028
   2.0489454298257592        2.2300519579645750E-028   3.0360673029257371E-028
   2.0701382291245749        7.4535153232641115E-028   1.0903189715539637E-027
   2.0501296765764128        2.0941236491732858E-028   2.8529799239781127E-028
   2.0689539823739214        7.5877256089393429E-028   1.1007038917797163E-027
   2.0521496464467921        1.8803682403896601E-028   2.5647962565653242E-028
   2.0669340125035420        7.8158053121749520E-028   1.1183522375178868E-027
   2.0548263555893946        1.5454899502790836E-028   2.0499766826760555E-028
   2.0642573033609395        8.1164094029144562E-028   1.1416123735511180E-027
   2.0579220313249351        1.1596720206434678E-028   1.4407317391705613E-028
   2.0611616276253990        8.5674142095888789E-029   9.9339763698450021E-029
   2.0487087762977945        2.2582086916430178E-028   3.0739771779914064E-028
   2.0703748826525397        7.4266515568111325E-028   1.0882403076857370E-027
   2.0494214326745599        2.1744314811198757E-028   2.9611650705965874E-028
   2.0696622262757742        7.5075045565575017E-028   1.0944965491366396E-027
   2.0510462947991144        1.9943935988226192E-028   2.7185668478001524E-028
   2.0680373641512197        7.6913546786592889E-028   1.1087224994199293E-027
   2.0534188604530952        1.7569158656543451E-028   2.3981969452838103E-028
   2.0656647984972389        7.9585736077709853E-028   1.1293993592274648E-027
   2.0563387454668201        1.3435072918132305E-028   1.7260616010366766E-028
   2.0627449134835141        7.3829731816102190E-029   8.2751075398691891E-029
   1.9507387838118277        2.5366479913429603E-027   3.1586324852275518E-027
   1.9401423841624199        2.6068223777223547E-027   3.1914432110468686E-027
   1.9613351834612356        2.4408945656962227E-027   3.1002642617932187E-027
   1.9413266309130732        2.5989699671467991E-027   3.1877992223772737E-027
   1.9601509367105823        2.4522203262110062E-027   3.1074760541485140E-027
   1.9433466007834528        2.5855814719960433E-027   3.1815703515659273E-027
   1.9581309668402027        2.4715882243872094E-027   3.1197704218485548E-027
   1.9460233099260551        2.5678509573408959E-027   3.1732904773846915E-027
   1.9554542576976004        2.4973485532013663E-027   3.1360484629340564E-027
   1.9491189856615960        2.5473615905878899E-027   3.1636778999507788E-027
   1.9523585819620595        2.5259396702224888E-027   3.1535763089058158E-027
   1.9399057306344549        2.6078147586597531E-027   3.1923757941139827E-027
   1.9615718369892006        2.4386338723232872E-027   3.0988227483567949E-027
   1.9406183870112204        2.6036658619010385E-027   3.1899792195297109E-027
   1.9608591806124351        2.4454443159038990E-027   3.1031633599196782E-027
   1.9422432491357751        2.5928937087506336E-027   3.1849747774536815E-027
   1.9592343184878804        2.4610013353814671E-027   3.1130560398423972E-027
   1.9446158147897559        2.5771726159449107E-027   3.1776479594078061E-027
   1.9568617528338996        2.4837894819660412E-027   3.1274909195008321E-027
   1.9475356998034810        2.5578386336810028E-027   3.1685991774249543E-027
   1.9539418678201745        2.5119513211810599E-027   3.1452388725113296E-027
   1.9724993929444958        2.4181248005843773E-027   3.0413788253781397E-027
   1.9619029932950880        2.4354718663891688E-027   3.0968054029873544E-027
   1.9830957925939037        2.3551618042370432E-027   2.9765025212049321E-027
   1.9630872400457415        2.4241780948151867E-027   3.0895893559244438E-027
   1.9819115458432501        2.3697544483101617E-027   2.9849733086103994E-027
   1.9651072099161211        2.4049645459131634E-027   3.0772744595888286E-027
   1.9798915759728706        2.3947611758002346E-027   2.9994240691768354E-027
   1.9677839190587232        2.4090051007459008E-027   3.0642220340346747E-027
   1.9772148668302685        2.4273791517017226E-027   3.0184593247344509E-027
   1.9708795947942641        2.4149770560946438E-027   3.0492343104600025E-027
   1.9741191910947276        2.4212884330952410E-027   3.0335143377368824E-027
   1.9616663397671230        2.4377313515130984E-027   3.0982470771285919E-027
   1.9833324461218687        2.3522517260758694E-027   2.9748098830510534E-027
   1.9623789961438887        2.4309297764203783E-027   3.0939052860019817E-027
   1.9826197897451030        2.3610212028023098E-027   2.9799072001322377E-027
   1.9640038582684431        2.4154515341338825E-027   3.0840021283888239E-027
   1.9809949276205485        2.3810838370433665E-027   2.9915304282362639E-027
   1.9663764239224240        2.4063087600901178E-027   3.0710253517863145E-027
   1.9786223619665677        2.4105484460307077E-027   3.0085052169470009E-027
   1.9692963089361490        2.4119155294547063E-027   3.0569039600257728E-027
   1.9757024769528426        2.4243961999836084E-027   3.0258184881384812E-027
   2.0541016771920004        1.6524819875211365E-028   2.2255976362805823E-028
   2.0488034773672967        2.2469007059695173E-028   3.0587528745854744E-028
   2.0593998770167041        1.0103585911897235E-028   1.2164026189018999E-028
   2.0493956007426233        2.1774155494707901E-028   2.9651841449392908E-028
   2.0588077536413776        1.0677848520520912E-028   1.3018432340768163E-028
   2.0504055856778129        2.0636129157777062E-028   2.8118661244482952E-028
   2.0577977687061879        1.1731650514405741E-028   1.4613436714747424E-028
   2.0517439402491142        1.9215508769152509E-028   2.6203452134971537E-028
   2.0564594141348866        1.3285496093564443E-028   1.7024940273450447E-028
   2.0532917781168845        1.7689183328592308E-028   2.4143998100212352E-028
   2.0549115762671164        1.5333608137333451E-028   2.0302383471455418E-028
   2.0486851506033141        2.2610382416330593E-028   3.0777865606633848E-028
   2.0595182037806867        9.9924950032003725E-029   1.1999996858128109E-028
   2.0490414787916968        2.2187202548454505E-028   3.0208089591976091E-028
   2.0591618755923040        1.0330693384142364E-028   1.2500635047880142E-028
   2.0498539098539741        2.1250495990482416E-028   2.8946465223995235E-028
   2.0583494445300268        1.1144071330685375E-028   1.3719868539416199E-028
   2.0510401926809645        1.9950422409417968E-028   2.7194413022034947E-028
   2.0571631617030364        1.2444970584573790E-028   1.5711984729970408E-028
   2.0525001351878269        1.8454718668860489E-028   2.5177160399399112E-028
   2.0557032191961739        1.4250358536103271E-028   1.8555591926391835E-028
   2.0649819817583341        8.0352082179586828E-028   1.1353291902335383E-027
   2.0596837819336300        9.8390399360609173E-029   1.1774099119332106E-028
   2.0702801815830383        7.4374033221058114E-028   1.0890722575196078E-027
   2.0602759053089570        9.3088499499479308E-029   1.0999851345407311E-028
   2.0696880582077113        7.5045761633641449E-028   1.0942699559992388E-027
   2.0612858902441467        8.4681152899224575E-029   9.7927780926107676E-029
   2.0686780732725216        7.6189417648095050E-028   1.1031193347305701E-027
   2.0626242448154479        7.4673141981672892E-029   8.3913412347926020E-029
   2.0673397187012204        7.7700811367539071E-028   1.1148141933825452E-027
   2.0641720826832182        8.1259495931771824E-028   1.1423505741615890E-027
   2.0657918808334501        7.9442974647555530E-028   1.1282947001799051E-027
   2.0595654551696478        9.9484667609865733E-029   1.1935102417781992E-028
   2.0703985083470204        7.4239688782549055E-028   1.0880327274495608E-027
   2.0599217833580306        9.6224836480054030E-029   1.1456677893694937E-028
   2.0700421801586377        7.4644141627836938E-028   1.0911623016936374E-027
   2.0607342144203078        8.9177109118291293E-029   1.0435042767469029E-028
   2.0692297490963605        7.5565057390215308E-028   1.0982881614433736E-027
   2.0619204972472982        7.9782473534340504E-029   9.1017935450272314E-029
   2.0680434662693701        7.6906655213190502E-028   1.1086691738199920E-027
   2.0633804397541606        8.2144821520836160E-028   1.1492010443546843E-027
   2.0665835237625076        7.8552719572473172E-028   1.1214060866218702E-027
   2.0105804589266647        1.8907465843129222E-027   2.4564085725411891E-027
   2.0052822591019610        2.0360900318751457E-027   2.6276732933415650E-027
   2.0158786587513684        1.3927296004955250E-027   1.8141199420832341E-027
   2.0058743824772876        2.0193975902451450E-027   2.6080612207264859E-027
   2.0152865353760419        1.4499629587736321E-027   1.8883174869741050E-027
   2.0068843674124772        1.9911888452008618E-027   2.5748853359225106E-027
   2.0142765504408522        1.5528689477804595E-027   2.0216913940617483E-027
   2.0082227219837785        1.9543162634313244E-027   2.5314561555505949E-027
   2.0129381958695509        1.7001516421338011E-027   2.2125101722182491E-027
   2.0097705598515487        1.9123853186526032E-027   2.4819794215886692E-027
   2.0113903580017807        1.8693129866582061E-027   2.4310541756045562E-027
   2.0051639323379784        2.0394395220768501E-027   2.6316068884746785E-027
   2.0159969855153510        1.3815570330597417E-027   1.7996341515406603E-027
   2.0055202605263611        2.0293667943143073E-027   2.6197758580005309E-027
   2.0156406573269683        1.4154669808772851E-027   1.8435984298147707E-027
   2.0063326915886384        2.0065560232941946E-027   2.5929636488652066E-027
   2.0148282262646910        1.4958155727307043E-027   1.9477511680509000E-027
   2.0075189744156288        1.9736332276055849E-027   2.5542171223674970E-027
   2.0136419434377006        1.6211001653389369E-027   2.1101014178261418E-027
   2.0089789169224912        1.9337359798645951E-027   2.5071843546081955E-027
   2.0121820009308382        1.7892424164084256E-027   2.3278981133622541E-027
   2.0214607634929984        9.5017938237424961E-028   1.2398657246204625E-027
   2.0161625636682943        1.3660681929164963E-027   1.7795511989992144E-027
   2.0267589633177026        6.7341794517570681E-028   8.9457159286612516E-028
   2.0167546870436213        1.3120396580394539E-027   1.7094890300728607E-027
   2.0261668399423756        6.9957481378725286E-028   9.2708010149931160E-028
   2.0177646719788109        1.2246124278393178E-027   1.5960880971340765E-027
   2.0251568550071859        7.4646698030068041E-028   9.8516861371642953E-028
   2.0191030265501122        1.1173932068034966E-027   1.4569636005233402E-027
   2.0238185004358846        8.1329302994418402E-028   1.0675556668722949E-027
   2.0206508644178824        1.0046892275709224E-027   1.3106552908245803E-027
   2.0222706625681144        8.9853342829858297E-028   1.1727780061743993E-027
   2.0160442369043121        1.3771197327175962E-027   1.7938808200466585E-027
   2.0268772900816847        6.6830516845954278E-028   8.8820804072460217E-028
   2.0164005650926948        1.3440981576887439E-027   1.7510628640476841E-027
   2.0265209618933020        6.8381620626399613E-028   9.0750425123534983E-028
   2.0172129961549721        1.2716444757227444E-027   1.6570973682898247E-027
   2.0257085308310248        7.2049029977880487E-028   9.5301903167939285E-028
   2.0183992789819625        1.1725881283751007E-027   1.5285902764137055E-027
   2.0245222480040344        7.7746580767054216E-028   1.0234414087727107E-027
   2.0198592214888249        1.0608846822137353E-027   1.3836152481009171E-027
   2.0230623054971719        8.5356313333106420E-028   1.1169940978581419E-027
   2.0758622863246683        5.3052291320512581E-028   7.9068625013315116E-028
   2.0705640864999642        7.4051635164943168E-028   1.0865776066239281E-027
   2.0811604861493724        1.9147062319364841E-028   2.8038620134811065E-028
   2.0711562098752911        7.3378550421549731E-028   1.0813694131310489E-027
   2.0805683627740454        2.2956851401590700E-028   3.3772648813557815E-028
   2.0721661948104808        7.2228349914106299E-028   1.0724693944377540E-027
   2.0795583778388558        2.9443235059133262E-028   4.3535160362352867E-028
   2.0735045493817821        6.8007881926764107E-028   1.0157795127600137E-027
   2.0782200232675545        3.8015287667624851E-028   5.6436765787737608E-028
   2.0750523872495523        5.8198798363204041E-028   8.6814518116910158E-028
   2.0766721853997843        4.7896177800194800E-028   7.1308273414243777E-028
   2.0704457597359820        7.4186030833080763E-028   1.0876175330984705E-027
   2.0812788129133546        1.8385111558459634E-028   2.6891825018197747E-028
   2.0708020879243647        7.3781201964654069E-028   1.0844850492634640E-027
   2.0809224847249719        2.0679014876211225E-028   3.0344327801521155E-028
   2.0716145189866420        7.2856946035583919E-028   1.0773333439800114E-027
   2.0801100536626946        2.5902100205691384E-028   3.8205477178662740E-028
   2.0728008018136324        7.1504271240941640E-028   1.0668666202389268E-027
   2.0789237708357042        3.3511134813967660E-028   4.9657665664630509E-028
   2.0742607443204948        6.3220029712435190E-028   9.4371861564986852E-028
   2.0774638283288418        4.2846988273729506E-028   6.3708850736423405E-028
   2.0867425908910020        6.0959359871418614E-029   8.7197404693463735E-029
   2.0814443910662983        1.7318542680611048E-028   2.5286555959610008E-028
   2.0920407907157057        4.3943781017292431E-030   5.8329279554609165E-030
   2.0820365144416249        1.3501061003857925E-028   1.9540949328204652E-028
   2.0914486673403792        7.0944974311121769E-030   9.6969592633658572E-030
   2.0830464993768145        1.0285679089982952E-028   1.4747918060400428E-028
   2.0904386824051895        1.8703836400398978E-029   2.6400407494869438E-029
   2.0843848539481158        8.7726897840278534E-029   1.2571037997401284E-028
   2.0891003278338882        3.4046108712463264E-029   4.8474778137002551E-029
   2.0859326918158860        7.0170585713256424E-029   1.0045046194374040E-028
   2.0875524899661180        5.1730940341856659E-029   7.3919609267002466E-029
   2.0813260643023157        1.8080783996565007E-028   2.6433788384154642E-028
   2.0921591174796883        4.3350226005292191E-030   5.7541417531257635E-030
   2.0816823924906984        1.5784748018020445E-028   2.2978075780580021E-028
   2.0918027892913056        4.5137162748648385E-030   5.9913328423691088E-030
   2.0824948235529757        1.0907984341761115E-028   1.5643287175280182E-028
   2.0909903582290283        1.2365908053875911E-029   1.7281433683251053E-029
   2.0836811063799661        9.5688468576239917E-029   1.3716544085055426E-028
   2.0898040754020379        2.5984569338858343E-029   3.6875882976005290E-029
   2.0851410488868285        7.9157592935477772E-029   1.1338091477052566E-028
   2.0883441328951755        4.2693893533078731E-029   6.0917159779099356E-029
   2.0323410680593326        4.6897996417843213E-028   6.3742428785274299E-028
   2.0270428682346284        6.6121350122578710E-028   8.7937638078225329E-028
   2.0376392678840367        3.7487252166953183E-028   5.0995862762328603E-028
   2.0276349916099554        6.3644197731766986E-028   8.4847947034040172E-028
   2.0370471445087097        3.8364460179582257E-028   5.2202237898066454E-028
   2.0286449765451451        5.9624004712427589E-028   7.9817293461568293E-028
   2.0360371595735201        3.9905439886044549E-028   5.4322179913967779E-028
   2.0299833311164464        5.4672453427582269E-028   7.3591429350468447E-028
   2.0346988050022188        4.2037270888639631E-028   5.7256416324699313E-028
   2.0315311689842166        4.9439895607413856E-028   6.6973219901301419E-028
   2.0331509671344485        4.4636281657053833E-028   6.0835847282073497E-028
   2.0269245414706463        6.6627396044942514E-028   8.8567906971600664E-028
   2.0377575946480189        3.7314233887586069E-028   5.0757956234907745E-028
   2.0272808696590290        6.5114694422609744E-028   8.6682960602841717E-028
   2.0374012664596362        3.7837548674358439E-028   5.1477569726105106E-028
   2.0280933007213062        6.1788544594517580E-028   8.2528460959069610E-028
   2.0365888353973589        3.9056650374661352E-028   5.3154379424926097E-028
   2.0292795835482966        5.7224486006469063E-028   7.6804506070747545E-028
   2.0354025525703685        4.0903282478653096E-028   5.5695397282314231E-028
   2.0307395260551591        5.2052645368746985E-028   7.0283125772345087E-028
   2.0339426100635061        4.3288698504174058E-028   5.8979627650500518E-028
   2.0432213726256663        3.0095803053239538E-028   4.0843718175266628E-028
   2.0379231728009626        3.7073385534984484E-028   5.0426800734157591E-028
   2.0485195724503700        2.2809642260467146E-028   3.1046111495466005E-028
   2.0385152961762891        3.6224006237341482E-028   4.9259129749653712E-028
   2.0479274490750434        2.3536048135904011E-028   3.2023791163501627E-028
   2.0395252811114788        3.4817340788701316E-028   4.7325993215444528E-028
   2.0469174641398538        2.4826413111943997E-028   3.3759700334310125E-028
   2.0408636356827801        3.3032435643604425E-028   4.4874274642296125E-028
   2.0455791095685525        2.6640844126907568E-028   3.6198962742869522E-028
   2.0424114735505503        3.1075654382676649E-028   4.2188120010460827E-028
   2.0440312717007822        2.8897441085871526E-028   3.9230125576837712E-028
   2.0378048460369800        3.7245352754120829E-028   5.0663245449837040E-028
   2.0486378992143526        2.2667075191777788E-028   3.0854188704354172E-028
   2.0381611742253627        3.6729752788157104E-028   4.9954361713819249E-028
   2.0482815710259699        2.3099002371400496E-028   3.1435605634394484E-028
   2.0389736052876399        3.5579189682296605E-028   4.8372875656312103E-028
   2.0474691399636926        2.4113430495269764E-028   3.2800661129818923E-028
   2.0401598881146303        3.3959964909040371E-028   4.6148140583827423E-028
   2.0462828571367022        2.5671512638786153E-028   3.4896060078459681E-028
   2.0416198306214928        3.2062392599267501E-028   4.3542434618351249E-028
   2.0448229146298398        2.7721393871049478E-028   3.7650743762856980E-028
   1.9670592406613290        2.4076153647653790E-027   3.0677257342111214E-027
   1.9617610408366251        2.4368270751266185E-027   3.0976701796315627E-027
   1.9723574404860329        2.4178483113946905E-027   3.0420676086855853E-027
   1.9623531642119518        2.4311761787028165E-027   3.0940626826562782E-027
   1.9717653171107061        2.4166963123336247E-027   3.0449399696678299E-027
   1.9633631491471415        2.4215499604575980E-027   3.0879077344713322E-027
   1.9707553321755165        2.4147362307126213E-027   3.0498365693727964E-027
   1.9647015037184428        2.4088184399510193E-027   3.0797485253437575E-027
   1.9694169776042152        2.4121483316939545E-027   3.0563197311211418E-027
   1.9662493415862130        2.4060658864143633E-027   3.0716392784103166E-027
   1.9678691397364450        2.4091687360169396E-027   3.0638098851568183E-027
   1.9616427140726427        2.4379569688068848E-027   3.0983909966523583E-027
   1.9724757672500153        2.4180787749610368E-027   3.0414934670345181E-027
   1.9619990422610254        2.4345550710207043E-027   3.0962202477971100E-027
   1.9721194390616326        2.4173850155790848E-027   3.0432222865982319E-027
   1.9628114733233026        2.4268060525388612E-027   3.0912699566272643E-027
   1.9713070079993553        2.4158061080272540E-027   3.0471623758442923E-027
   1.9639977561502930        2.4155095854809350E-027   3.0840393292655580E-027
   1.9701207251723649        2.4135077875397599E-027   3.0529114617523055E-027
   1.9654576986571555        2.4045550863839695E-027   3.0754623712625763E-027
   1.9686607826655025        2.4106908657633345E-027   3.0599800844168063E-027
   1.9779395452276627        2.4190655584424850E-027   3.0133910949294559E-027
   1.9726413454029588        2.4184014117944202E-027   3.0406899729302438E-027
   1.9832377450523666        2.3534160035077844E-027   2.9754872171042873E-027
   1.9732334687782855        2.4195565519218269E-027   3.0378158321274570E-027
   1.9826456216770398        2.3607030135836402E-027   2.9797224294146439E-027
   1.9742434537134752        2.4215317896868924E-027   3.0329106445901422E-027
   1.9816356367418502        2.3731615118264283E-027   2.9869469938548657E-027
   1.9755818082847765        2.4241588047848996E-027   3.0264053193862280E-027
   1.9802972821705489        2.3897269040678519E-027   2.9965214636783249E-027
   1.9771296461525467        2.4272106932808512E-027   3.0188742061670488E-027
   1.9787494443027787        2.4089651229731687E-027   3.0075959100173634E-027
   1.9725230186389764        2.4181708295877078E-027   3.0412641818065529E-027
   1.9833560718163490        2.3519613164057229E-027   2.9746409051153080E-027
   1.9728793468273591        2.4188654597846236E-027   3.0395348688128071E-027
   1.9829997436279663        2.3563434719931295E-027   2.9771895123009818E-027
   1.9736917778896363        2.4204521026876313E-027   3.0355903965037065E-027
   1.9821873125656890        2.3663518716995387E-027   2.9830006929249837E-027
   1.9748780607166267        2.4227760759998328E-027   3.0298267752596546E-027
   1.9810010297386986        2.3810083153644630E-027   2.9914867743287630E-027
   1.9763380032234892        2.4256479638518910E-027   3.0227270092124820E-027
   1.9795410872318362        2.3991150147350037E-027   3.0019317025687985E-027
   1.9888198497939968        2.2853397969437958E-027   2.9355743494470892E-027
   1.9835216499692929        2.3499265742177383E-027   2.9734566527634160E-027
   1.9941180496187008        2.2354212595741676E-027   2.8705798385666271E-027
   1.9841137733446197        2.3426582049806246E-027   2.9692218187483529E-027
   1.9935259262433740        2.2409201727048312E-027   2.8779199209682785E-027
   1.9851237582798094        2.3302896509604500E-027   2.9619990796852348E-027
   1.9925159413081843        2.2503135246157036E-027   2.8904600362461035E-027
   1.9864621128511106        2.3139563873009217E-027   2.9524293212508608E-027
   1.9911775867368831        2.2627876968321600E-027   2.9071162323144657E-027
   1.9880099507188809        2.2951471566191973E-027   2.9413635835437946E-027
   1.9896297488691128        2.2772523232552841E-027   2.9264347232949146E-027
   1.9834033232053105        2.3513805572406515E-027   2.9743029504639705E-027
   1.9942363763826831        2.2343231074051175E-027   2.8691140836747289E-027
   1.9837596513936933        2.3470035695608777E-027   2.9717544481548254E-027
   1.9938800481943004        2.2376308011250115E-027   2.8735291026823319E-027
   1.9845720824559705        2.3370410756069874E-027   2.9659441991474130E-027
   1.9930676171320232        2.2451805083282193E-027   2.8836072084226646E-027
   1.9857583652829609        2.3225368672359129E-027   2.9574612074036651E-027
   1.9918813343050328        2.2562245929698405E-027   2.8983523650390347E-027
   1.9872183077898233        2.3047563485043179E-027   2.9470229000245861E-027
   1.9904213917981703        2.2698493038234945E-027   2.9165468817480020E-027
   1.9997001543603306        2.1838789905310381E-027   2.8018148047221411E-027
   1.9944019545356266        2.2327868341477858E-027   2.8670635958035844E-027
   2.0049983541850342        2.0441342786111978E-027   2.6371193681636430E-027
   1.9949940779109534        2.2272968298182711E-027   2.8597364562121767E-027
   2.0044062308097077        2.0609970059714753E-027   2.6569098418320433E-027
   1.9960040628461431        2.2179464639637086E-027   2.8472587915621708E-027
   2.0033962458745180        2.0900274125174586E-027   2.6909465420992044E-027
   1.9973424174174443        2.2055832308058976E-027   2.8307637688859819E-027
   2.0020578913032168        2.1290206424985062E-027   2.7365973932828288E-027
   1.9988902552852146        2.1913236282229543E-027   2.8117431381524523E-027
   2.0005100534354465        2.1748710554672518E-027   2.7901801922577727E-027
   1.9942836277716443        2.2338846498244783E-027   2.8685288618354342E-027
   2.0051166809490168        2.0407783566015331E-027   2.6331790346956594E-027
   1.9946399559600270        2.2305794259426976E-027   2.8641174310375829E-027
   2.0047603527606341        2.0508982935606470E-027   2.6450595242512899E-027
   1.9954523870223042        2.2230516579552129E-027   2.8540711988430282E-027
   2.0039479216983569        2.0741284199464002E-027   2.6723110733234052E-027
   1.9966386698492946        2.2120803295586232E-027   2.8394317432888294E-027
   2.0027616388713665        2.1084419460737547E-027   2.7125145936820598E-027
   1.9980986123561570        2.1986115076705016E-027   2.8214637035004718E-027
   2.0013016963645041        2.1513191920785142E-027   2.7626692816430530E-027
