 log10Enu, nu, nubar
   1.4758566445971830        2.6188076430083472E-027   2.6519612631681568E-027
  0.74095429987144179        5.9243417776192922E-027   6.5038734704902529E-027
   2.2107589893229243        5.6194275082331232E-029   8.2381695978279675E-029
  0.82308650916742632        5.4487255338201189E-027   5.9330994033647324E-027
   2.1286267800269396        5.6019286972930835E-028   8.1078072965782930E-028
  0.96317943158756392        4.7250487843286857E-027   5.0372120783276144E-027
   1.9885338576068021        8.5263408389557999E-028   1.0689733934360678E-027
   1.1488198273947561        4.3004267287032695E-027   4.4126689318356964E-027
   1.8028934617996100        1.3119752628422843E-027   1.4955984895870664E-027
   1.3635172181907540        3.1370453361430056E-027   3.1930486243974003E-027
   1.5881960710036120        2.0738432758243606E-027   2.1964530903141566E-027
  0.72454143905613655        6.0133276443326109E-027   6.6111715422727954E-027
   2.2271718501382294        0.0000000000000000        0.0000000000000000     
  0.77396698543009113        5.7392054028028330E-027   6.2811442145118986E-027
   2.1777463037642750        4.8961743649913997E-028   7.0517160570023673E-028
  0.88665761854130321        5.0471407307719224E-027   5.4549250353009519E-027
   2.0650556706530629        6.8486793926405935E-028   9.2222025640568805E-028
   1.0512044570727976        4.6160642776700884E-027   4.8034860913236017E-027
   1.9005088321215684        1.0503592176436460E-027   1.2524520009668403E-027
   1.2537100640631851        3.7809184887164252E-027   3.8170216963686377E-027
   1.6980032251311810        1.6848797807447096E-027   1.8206889540779392E-027
   1.0985605062066375        4.4969900064256119E-027   4.6353182572277532E-027
  0.73110933384376686        5.9779627874448712E-027   6.5685103542876923E-027
   1.4660116785695081        2.6751774876207202E-027   2.6959322901802892E-027
  0.77217543849175918        5.7494624132559724E-027   6.2934658375912662E-027
   1.4249455739215158        2.8520108841174200E-027   2.9000602936142676E-027
  0.84222189970182793        5.3308127128616820E-027   5.7923299662784540E-027
   1.3548991127114469        3.1785788569337022E-027   3.2325654245240932E-027
  0.93504209760542401        4.7559351023214254E-027   5.1044780106370086E-027
   1.2620789148078511        3.7343797852210598E-027   3.7637079691858097E-027
   1.0423907930034229        4.6278746340602012E-027   4.8285414047403404E-027
   1.1547302194098521        4.2763947077301939E-027   4.3855173946241435E-027
  0.72290290343611430        6.0220994959579499E-027   6.6217569602299748E-027
   1.4742181089771607        2.6281946504921868E-027   2.6592984020382576E-027
  0.74761567662309147        5.8876451349937986E-027   6.4596707362992363E-027
   1.4495053357901835        2.7516612658910697E-027   2.7764948406450359E-027
  0.80396099317869751        5.5639381575515797E-027   6.0709326178600708E-027
   1.3931600192345774        2.9921591473539488E-027   3.0549286928376783E-027
  0.88623441244444479        5.0499054040074409E-027   5.4582046367697259E-027
   1.3108865999688302        3.4390749981587780E-027   3.4771023617492921E-027
  0.98748721593963851        4.6968832069490565E-027   4.9762672911515095E-027
   1.2096337964736366        4.0204734857527652E-027   4.0928406353998698E-027
   1.8531527829877286        1.1572515322838248E-027   1.3695728273007755E-027
   1.4857016106248579        2.5623741212352483E-027   2.6077240127711191E-027
   2.2206039553505992        2.6443200285580755E-031   6.9578564638499710E-031
   1.5267677152728503        2.3379924904998389E-027   2.4282762670140622E-027
   2.1795378507026069        4.8622855178810567E-028   6.9287392200887515E-028
   1.5968141764829191        2.0482005711954549E-027   2.1639887442720916E-027
   2.1094913894925380        6.0191519297685856E-028   8.4325302932130611E-028
   1.6896343743865150        1.7192932662061403E-027   1.8480107282622071E-027
   2.0166711915889421        7.8746451745149459E-028   1.0066394908231359E-027
   1.7969830697845139        1.3268966892695203E-027   1.5109501944373812E-027
   1.9093224961909432        1.0208970517140015E-027   1.2330809329591304E-027
   1.4774951802172054        2.6094188700423024E-027   2.6446167483496834E-027
   2.2288103857582517        0.0000000000000000        0.0000000000000000     
   1.5022079534041826        2.4676900642551919E-027   2.5329997873411105E-027
   2.2040976125712746        9.9608241270012674E-029   1.4618832516148275E-028
   1.5585532699597886        2.1839704306344756E-027   2.2993416307234572E-027
   2.1477522960156685        5.3299395323836429E-028   7.6862299683918055E-028
   1.6408266892255359        1.9250216286105115E-027   2.0080344570413304E-027
   2.0654788767499213        6.8387407255827239E-028   9.2234883251180781E-028
   1.7420794927207295        1.5347114356591408E-027   1.6699983113197093E-027
   1.9642260732547276        8.9995019620550483E-028   1.1257818910816127E-027
   1.6645047137924558        1.8306387049632215E-027   1.9472502621060267E-027
   1.4807791276110205        2.5905971194358751E-027   2.6298749718112586E-027
   1.8482302999738911        1.1692564043340707E-027   1.3812431525987707E-027
   1.5013121799350166        2.4728287681553873E-027   2.5370717922803384E-027
   1.8276972476498949        1.2451648812377657E-027   1.4327061562266293E-027
   1.5363354105400511        2.2891126232779181E-027   2.3882652128342559E-027
   1.7926740170448605        1.3414009533978821E-027   1.5230019444460295E-027
   1.5827455094918490        2.0942264976850090E-027   2.2155430698349799E-027
   1.7462639180930626        1.5229009691622090E-027   1.6529735112452282E-027
   1.6364198571908486        1.9422776218601464E-027   2.0184259450327802E-027
   1.6925895703940630        1.7062404754105633E-027   1.8363081869355338E-027
   1.4766759124071942        2.6141134692913407E-027   2.6482899234201117E-027
   1.8523335151777174        1.1592503832756125E-027   1.3715174632478604E-027
   1.4890322990006828        2.5432723523464470E-027   2.5927003593320836E-027
   1.8399771285842288        1.1946979308456292E-027   1.4013908191123161E-027
   1.5172049572784858        2.3867918304197677E-027   2.4680435114145849E-027
   1.8118044703064258        1.2923371518887476E-027   1.4730743798985825E-027
   1.5583416669113594        2.1847498120586954E-027   2.3000676189949643E-027
   1.7706677606735521        1.4194715802214991E-027   1.5838941121801877E-027
   1.6089680686589563        2.0198258055349410E-027   2.1153836851100111E-027
   1.7200413589259553        1.5985054294123378E-027   1.7576709238952862E-027
   2.0418008521830013        7.5146170846179456E-028   9.7583399383987204E-028
   1.8580752660015660        1.1452351835139040E-027   1.3578697664035682E-027
   2.2255264383644366        2.7062151817079643E-032   7.1207178371988608E-032
   1.8786083183255622        1.1044731063694524E-027   1.3082652072630006E-027
   2.2049933860404405        8.3207828062450483E-029   1.2142435929349483E-028
   1.9136315489305966        1.0057084395578975E-027   1.2240848619272611E-027
   2.1699701554354061        5.0443623211265545E-028   7.6049383429183694E-028
   1.9600416478823945        9.1035731492456234E-028   1.1355244629013939E-027
   2.1235600564836079        5.7379120176654319E-028   8.2084942589622669E-028
   2.0137159955813941        7.9327375241260548E-028   1.0135152652916271E-027
   2.0698857087846085        6.7390413436389252E-028   9.2206521549894527E-028
   1.8539720507977397        1.1552523633392867E-027   1.3676272845206631E-027
   2.2296296535682631        0.0000000000000000        0.0000000000000000     
   1.8663284373912283        1.1266323561682082E-027   1.3381016751261015E-027
   2.2172732669747743        4.2352368957031094E-031   1.1143950086394236E-030
   1.8945010956690314        1.0663691218197572E-027   1.2679825122749765E-027
   2.1891006086969713        4.5569350292141509E-028   6.9783731683140633E-028
   1.9356378053019050        9.6005220107066711E-028   1.1728440103002844E-027
   2.1479638990640977        5.3234846389754225E-028   7.6795189694470267E-028
   1.9862642070495018        8.5888226161185922E-028   1.0719131891438019E-027
   2.0973374973165009        6.3243780142136477E-028   8.7804937988513861E-028
  0.90991243701136471        4.8934390920626399E-027   5.2728742198304103E-027
  0.72618685082992940        6.0044985455496197E-027   6.6005185622949157E-027
   1.0936380231928000        4.5154912098639164E-027   4.6563263026575464E-027
  0.74671990315392556        5.8925993159933817E-027   6.4656367017601005E-027
   1.0731049708688039        4.5857969729712942E-027   4.7395776976465666E-027
  0.78174313375895998        5.6944074479796084E-027   6.2273541928758948E-027
   1.0380817402637694        4.6335729073649360E-027   4.8406538407206156E-027
  0.82815323271075791        5.4177592583160614E-027   5.8961014794817053E-027
  0.99167164131197150        4.6918912549317204E-027   4.9655050649824544E-027
  0.88182758040975739        5.0786235300161157E-027   5.4922819380498510E-027
  0.93799729361297202        4.7527752045937680E-027   5.0975753601426888E-027
  0.72208363562610312        6.0264778059236399E-027   6.6270410416661896E-027
   1.0977412383966263        4.5000785109316404E-027   4.6388246339501303E-027
  0.73444002221959170        5.9599040380075780E-027   6.5467352825252396E-027
   1.0853848518031377        4.5462109371796455E-027   4.6912276976065563E-027
  0.76261268049739472        5.8038048546354066E-027   6.3587824522498647E-027
   1.0572121935253347        4.6078931040897211E-027   4.7861900122078115E-027
  0.80374939013026836        5.5651979241724459E-027   6.0724412741304362E-027
   1.0160754838924611        4.6619120396771635E-027   4.9011218012923756E-027
  0.85437579187786516        5.2545733741959879E-027   5.7014732722052189E-027
  0.96544908214486425        4.7224781726368604E-027   5.0316341241121901E-027
   1.2872085754019102        3.5856374620431377E-027   3.6137244873367860E-027
   1.1034829892204749        4.4783550137095885E-027   4.6141671504620894E-027
   1.4709341615833456        2.6470022360799206E-027   2.6739809882353663E-027
   1.1240160415444711        4.3991788056854145E-027   4.5244003763182149E-027
   1.4504011092593494        2.7479624189061284E-027   2.7719585937653540E-027
   1.1590392721495055        4.2587526539142457E-027   4.3655951238446306E-027
   1.4153778786543150        2.8905283104776852E-027   2.9477400573755674E-027
   1.2054493711013035        4.0427061189015385E-027   4.1185542287896602E-027
   1.3689677797025170        3.1106355745456280E-027   3.1679036047577017E-027
   1.2591237188003030        3.7508500075273260E-027   3.7825656488746099E-027
   1.3152934320035174        3.4115986054236729E-027   3.4514404291530575E-027
   1.0993797740166487        4.4938977958775174E-027   4.6318079176113616E-027
   1.4750373767871718        2.6235013753461878E-027   2.6556307589210823E-027
   1.1117361606101372        4.4468106441716952E-027   4.5783839798817347E-027
   1.4626809901936833        2.6942289672282972E-027   2.7107454174791129E-027
   1.1399088188879403        4.3362954299662985E-027   4.4532222271783301E-027
   1.4345083319158802        2.8131860981739652E-027   2.8521403597244127E-027
   1.1810455285208139        4.1670671962339906E-027   4.2621948275544070E-027
   1.3933716222830066        2.9911142148986534E-027   3.0539310079241072E-027
   1.2316719302684107        3.9018956571895893E-027   3.9560251388811353E-027
   1.3427452205354098        3.2392327129096392E-027   3.2900904484033833E-027
   1.9474768175853649        9.3796814099237548E-028   1.1562435064358845E-027
   1.8556140244946473        1.1512447047108824E-027   1.3637253237147205E-027
   2.0393396106760826        7.5340468969671504E-028   9.8093281028143795E-028
   1.8658805506566454        1.1274370157846636E-027   1.3391866172849073E-027
   2.0290730845140845        7.6233544341398672E-028   1.0010217080650443E-027
   1.8833921659591626        1.0957910106008970E-027   1.2965971003264322E-027
   2.0115614692115673        7.9745018917653895E-028   1.0202912505154504E-027
   1.9065972154350617        1.0305425294650993E-027   1.2387583529982329E-027
   1.9883564197356682        8.5312756399152876E-028   1.0691977511707398E-027
   1.9334343892845613        9.6317034526979449E-028   1.1782240326640331E-027
   1.9615192458861685        9.0668016094323193E-028   1.1320853180063590E-027
   1.8535624168927340        1.1562519871515694E-027   1.3686001689654418E-027
   2.0413912182779956        7.5178550202143354E-028   9.7668276953712807E-028
   1.8597406101894784        1.1411675366786246E-027   1.3539032325188214E-027
   2.0352130249812515        7.5664888032631306E-028   9.8947617057457010E-028
   1.8738269393283800        1.1131232940512844E-027   1.3199027698547651E-027
   2.0211266958423497        7.7842556310987332E-028   1.0046360804280589E-027
   1.8943952941448168        1.0666512508082094E-027   1.2682558041443837E-027
   2.0005583410259131        8.1939321378475807E-028   1.0536659660883853E-027
   1.9197084950186152        9.8442116119164904E-028   1.2113588351869735E-027
   1.9752451401521147        8.7653518292572737E-028   1.0993804320211513E-027
   2.1361248867806379        5.6027736748028674E-028   8.0063253193356771E-028
   2.0442620936899205        7.4708855165915104E-028   9.6893573426921948E-028
   2.2279876798713554        0.0000000000000000        0.0000000000000000     
   2.0545286198519181        7.1176620138987189E-028   9.2759562204083205E-028
   2.2177211537093577        4.0220113478884838E-031   1.0582901219351869E-030
   2.0720402351544354        6.7015652936509801E-028   9.1675061599337766E-028
   2.2002095384068405        2.1655041253068575E-028   3.2573430623424595E-028
   2.0952452846303347        6.3928151191352303E-028   8.8584846027934929E-028
   2.1770044889309412        4.9102344304091930E-028   7.1031223869156661E-028
   2.1220824584798343        5.7828262909988968E-028   8.2390258207148896E-028
   2.1501673150814415        5.2750550572686766E-028   7.6304402367975736E-028
   2.0422104860880070        7.5113774900564831E-028   9.7498515584898323E-028
   2.2300392874732688        0.0000000000000000        0.0000000000000000     
   2.0483886793847517        7.3278570050937412E-028   9.5222017260628754E-028
   2.2238610941765242        1.0766898281936674E-031   2.8330357898260323E-031
   2.0624750085236530        6.9093864394116468E-028   9.2143930507703292E-028
   2.2097747650376229        6.4616167580851345E-029   9.4653356344939684E-029
   2.0830433633400895        6.5235427108536051E-028   8.9278615952554479E-028
   2.1892064102211863        4.5535849858967266E-028   6.9791872182097061E-028
   2.1083565642138882        6.0310788653231699E-028   8.4457594896243792E-028
   2.1638932093473877        5.1744252906440409E-028   7.6242362825640614E-028
   2.0889628694818194        6.4782634648764307E-028   8.9200333167057615E-028
   2.0430314729364607        7.5048797134676996E-028   9.7328373294568634E-028
   2.1348942660271781        5.6026339821399000E-028   8.0230133191151168E-028
   2.0481647360174597        7.3355828178265933E-028   9.5312390475730964E-028
   2.1297610029461791        5.6020555725407593E-028   8.0924868971826678E-028
   2.0569205436687183        7.0406343546215059E-028   9.1977629980892952E-028
   2.1210051952949205        5.8156959923705155E-028   8.2612911494065943E-028
   2.0685230684066678        6.7673910571215713E-028   9.2327793544996888E-028
   2.1094026705569711        6.0200846316404805E-028   8.4335650300633257E-028
   2.0819416553314176        6.5319364832719831E-028   8.9293075646091628E-028
   2.0959840836322212        6.3686022451986554E-028   8.8309087608561535E-028
   2.0420056691355040        7.5129974946786659E-028   9.7540958258788591E-028
   2.1359200698281349        5.6027503975065978E-028   8.0091036365825592E-028
   2.0450947657838761        7.4419117795763342E-028   9.6555220821465859E-028
   2.1328309731797628        5.6024006636895684E-028   8.0509645998443281E-028
   2.0521379303533269        7.1991308459796284E-028   9.3714827117026026E-028
   2.1257878086103119        5.6705690022335569E-028   8.1624806808174141E-028
   2.0624221077615452        6.9106326933521497E-028   9.2142335181150817E-028
   2.1155036312020936        5.9558394794140024E-028   8.3622133046126191E-028
   2.0750787081984443        6.6487541018031696E-028   9.0926313656921878E-028
   2.1028470307651945        6.1461110722289098E-028   8.5766286853176234E-028
   2.1832869040794560        4.7435555348593091E-028   6.9340889925316285E-028
   2.1373555075340973        5.6029137673594079E-028   7.9896248243617702E-028
   2.2292183006248147        0.0000000000000000        0.0000000000000000     
   2.1424887706150963        5.4920058140884685E-028   7.8539920105546964E-028
   2.2240850375438157        9.6847542110159874E-032   2.5482970654145955E-031
   2.1512445782663550        5.2735515165039514E-028   7.6311399785204774E-028
   2.2153292298925571        1.6836202589640047E-029   2.5032483980909592E-029
   2.1628471030043044        5.1969652787696234E-028   7.6275122663025794E-028
   2.2037267051546077        1.0729991600026422E-028   1.5784849266055003E-028
   2.1762656899290542        4.9242535126322346E-028   7.1546040372871149E-028
   2.1903081182298578        4.3584791956162276E-028   6.6879854132510895E-028
   2.1363297037331406        5.6027969631762619E-028   8.0035466559679748E-028
   2.2302441044257715        0.0000000000000000        0.0000000000000000     
   2.1394188003815131        5.5878647474813173E-028   7.9525686593455711E-028
   2.2271550077773989        0.0000000000000000        0.0000000000000000     
   2.1464619649509635        5.3694019246230263E-028   7.7272088788309774E-028
   2.2201118432079485        2.8801482703759574E-031   7.5783785787868960E-031
   2.1567461423591818        5.2658213051216888E-028   7.6347417546609345E-028
   2.2098276657997302        6.4163987121234320E-029   9.3994477710970475E-029
   2.1694027427960814        5.0564393987706211E-028   7.6068753465594417E-028
   2.1971710653628307        3.0589596814140047E-028   4.6497778357952960E-028
   1.9003148002865466        1.0508759576127715E-027   1.2529539497929489E-027
   1.8543834037411879        1.1542484662214699E-027   1.3666500904131523E-027
   1.9462461968319054        9.4040445699405312E-028   1.1576542218267791E-027
   1.8595166668221867        1.1417145892783937E-027   1.3544368327052236E-027
   1.9411129337509065        9.5056042051456987E-028   1.1635141291141399E-027
   1.8682724744734454        1.1231368086741883E-027   1.3333897600295273E-027
   1.9323571260996479        9.6469274168938055E-028   1.1808533697884353E-027
   1.8798749992113950        1.1021768807484726E-027   1.3051780364616696E-027
   1.9207546013616983        9.8100145368421163E-028   1.2091270234989412E-027
   1.8932935861361448        1.0695893980379231E-027   1.2711011244527781E-027
   1.9073360144369484        1.0279247497592987E-027   1.2372202000164939E-027
   1.8533575999402312        1.1567517696032484E-027   1.3690865264342571E-027
   1.9472720006328621        9.3837366679404779E-028   1.1564784551904979E-027
   1.8564466965886035        1.1492118931245444E-027   1.3617452024538621E-027
   1.9441829039844898        9.4448791353998936E-028   1.1600143545432241E-027
   1.8634898611580542        1.1320059627813691E-027   1.3449601683410062E-027
   1.9371397394150391        9.5792348980114093E-028   1.1691752734912558E-027
   1.8737740385662724        1.1132188431417007E-027   1.3200313856388707E-027
   1.9268555620068208        9.7244606359800522E-028   1.1942706245926913E-027
   1.8864306390031718        1.0879053369440156E-027   1.2888059270965701E-027
   1.9141989615699215        1.0037141793162452E-027   1.2228985332690572E-027
   1.9946388348841833        8.3570710376474095E-028   1.0612269983488452E-027
   1.9487074383388245        9.3553125029935251E-028   1.1548305143776916E-027
   2.0405702314295420        7.5243394832989308E-028   9.7838369252665522E-028
   1.9538407014198234        9.2536049664032480E-028   1.1489120026319392E-027
   2.0354369683485429        7.5647325665640439E-028   9.8901272039047163E-028
   1.9625965090710820        9.0400078906333901E-028   1.1295771711765637E-027
   2.0266811606972843        7.6717426753594593E-028   1.0021152523940874E-027
   1.9741990338090316        8.7820637944750708E-028   1.1019877803346482E-027
   2.0150786359593349        7.9063299168870419E-028   1.0092357561336113E-027
   1.9876176207337815        8.5518317000679844E-028   1.0701314312310788E-027
   2.0016600490345851        8.1665679271169578E-028   1.0515750727814556E-027
   1.9476816345378678        9.3756259927147873E-028   1.1560084946169976E-027
   2.0415960352304987        7.5162362598159331E-028   9.7625838951843562E-028
   1.9507707311862401        9.3144425139657659E-028   1.1524563476355086E-027
   2.0385069385821266        7.5406066958459672E-028   9.8265727500770323E-028
   1.9578138957556908        9.1590572665956915E-028   1.1407071662494504E-027
   2.0314637740126757        7.5958176406829454E-028   9.9723189473169432E-028
   1.9680980731639091        8.9033785535121444E-028   1.1167582406507473E-027
   2.0211795966044575        7.7831831336368674E-028   1.0046121940965150E-027
   1.9807546736008084        8.6771981615810683E-028   1.0856470542826688E-027
   2.0085229961675579        8.0334205183240514E-028   1.0298666320326897E-027
   2.1597058954300472        5.2616266364949586E-028   7.6366991238253567E-028
   2.1367401971573678        5.6028436710223400E-028   7.9979766281638607E-028
   2.1826715937027266        4.7635995767313535E-028   6.9294529887111000E-028
   2.1393068286978671        5.5913795695515029E-028   7.9561741163427390E-028
   2.1801049621622273        4.8478147726681773E-028   6.9102187933459710E-028
   2.1436847325234965        5.4549279291541121E-028   7.8157343658444014E-028
   2.1757270583365980        4.9344844653106551E-028   7.1923168180100234E-028
   2.1494859948924714        5.2771913696444899E-028   7.6313221672647158E-028
   2.1699257959676230        5.0453021609491700E-028   7.6052177641873246E-028
   2.1561952883548465        5.2665992121297830E-028   7.6343789844021679E-028
   2.1632165025052479        5.1890010041974444E-028   7.6263561963136116E-028
   2.1362272952568895        5.6027853176045805E-028   8.0049360308911977E-028
   2.1831844956032049        4.7468876493989397E-028   6.9333167336675492E-028
   2.1377718435810755        5.6029612533453941E-028   7.9839720026417540E-028
   2.1816399472790189        4.7973319577054837E-028   6.9217017919448265E-028
   2.1412934258658010        5.5292134686279855E-028   7.8923111376899539E-028
   2.1781183649942935        4.8891286081666990E-028   7.0260403530785546E-028
   2.1464355145699101        5.3702126789143650E-028   7.7280499067192507E-028
   2.1729762762901843        4.9868664601271372E-028   7.3872882915237591E-028
   2.1527638147883597        5.2714254948642743E-028   7.6321298704473219E-028
   2.1666479760717348        5.1152792670817490E-028   7.6155783978384720E-028
   2.2068679127288648        5.7035067377770262E-029   8.2240573184207512E-029
   2.1839022144561855        4.7235675939970670E-028   6.9387346775390069E-028
   2.2298336110015442        0.0000000000000000        0.0000000000000000     
   2.1864688459966848        4.6407965349100486E-028   6.9582180916419046E-028
   2.2272669794610449        0.0000000000000000        0.0000000000000000     
   2.1908467498223141        4.2398925669666617E-028   6.5012310113955196E-028
   2.2228890756354156        1.5457445736931678E-031   4.0672342066692546E-031
   2.1966480121912890        3.1432451156031047E-028   4.7813618080852474E-028
   2.2170878132664407        1.5809139993413015E-030   2.8037841478939084E-030
   2.2033573056536642        1.1554329564280541E-028   1.7037443016697418E-028
   2.2103785198040655        5.9452171590770256E-029   8.7128823713324547E-029
   2.1833893125557071        4.7402249743312765E-028   6.9348615195666235E-028
   2.2303465129020226        0.0000000000000000        0.0000000000000000     
   2.1849338608798932        4.6901810370324783E-028   6.9465455526719230E-028
   2.2288019645778365        0.0000000000000000        0.0000000000000000     
   2.1884554431646186        4.5773988734061436E-028   6.9734155262257916E-028
   2.2252803822931111        3.8991351578242837E-032   1.0259583737330736E-031
   2.1935975318687277        3.6807839379242636E-028   5.6226715543335020E-028
   2.2201382935890019        2.8674796065777151E-031   7.5450442080053808E-031
   2.1999258320871773        2.2911345517585372E-028   3.4524798985463721E-028
   2.2138099933705524        2.9965572118874792E-029   4.4163476654997471E-029
   2.0653818608324102        6.8410186495997844E-028   9.2231934502513767E-028
   2.0424161625597308        7.5097502698085324E-028   9.7455893249583778E-028
   2.0883475591050895        6.4829841124354206E-028   8.9208516933529671E-028
   2.0449827941002301        7.4458046370789777E-028   9.6600688880610448E-028
   2.0857809275645902        6.5026401604290097E-028   8.9242536976564053E-028
   2.0493606979258594        7.2943715984049583E-028   9.4830209431432458E-028
   2.0814030237389609        6.5389952080229619E-028   8.9370868565558602E-028
   2.0551619602948343        7.0961596345367568E-028   9.2507254010455203E-028
   2.0756017613699860        6.6396679439170344E-028   9.0797513560099712E-028
   2.0618712537572095        6.9236142278096356E-028   9.2125736275863348E-028
   2.0688924679076108        6.7587500302843867E-028   9.2339118573641340E-028
   2.0419032606592524        7.5138073414873147E-028   9.7562179015515195E-028
   2.0888604610055679        6.4790493658280857E-028   8.9201695975153086E-028
   2.0434478089834385        7.4992745532705140E-028   9.7224971006293481E-028
   2.0873159126813818        6.4908915850113155E-028   8.9222213752399945E-028
   2.0469693912681639        7.3768912190367079E-028   9.5795437448796034E-028
   2.0837943303966564        6.5178151742614201E-028   8.9268739964545141E-028
   2.0521114799722731        7.2000348854816307E-028   9.3725421384263014E-028
   2.0786522416925473        6.5867070307161375E-028   9.0046898955914874E-028
   2.0584397801907226        7.0046575151351167E-028   9.2022875014855265E-028
   2.0723239414740977        6.6966322121023748E-028   9.1605112059917694E-028
   2.1125438781312287        5.9870332907276017E-028   8.3968775638534885E-028
   2.0895781798585493        6.4735395690403076E-028   8.9192138549926361E-028
   2.1355095764039080        5.6027037785567194E-028   8.0146708867011624E-028
   2.0921448113990486        6.4537999043553138E-028   8.9157839187035116E-028
   2.1329429448634087        5.6024132968437717E-028   8.0494486421832170E-028
   2.0965227152246779        6.3509814792237214E-028   8.8108288593727383E-028
   2.1285650410377794        5.6019218006983038E-028   8.1086409125870417E-028
   2.1023239775936529        6.1629130976663749E-028   8.5958879761442518E-028
   2.1227637786688045        5.7620918030848047E-028   8.2249465462651080E-028
   2.1090332710560276        6.0239676321938784E-028   8.4378724615530881E-028
   2.1160544852064298        5.9500283951889031E-028   8.3557515420355131E-028
   2.0890652779580710        6.4774774739467287E-028   8.9198970058396403E-028
   2.1360224783043864        5.6027620347704169E-028   8.0077145212499343E-028
   2.0906098262822570        6.4656120730498791E-028   8.9178374843899577E-028
   2.1344779299802004        5.6025868125037181E-028   8.0286562561454476E-028
   2.0941314085669824        6.4294162648289267E-028   8.9001340151184675E-028
   2.1309563476954749        5.6021896471607921E-028   8.0763289961513408E-028
   2.0992734972710916        6.2614136203623902E-028   8.7086066296416151E-028
   2.1258142589913658        5.6697721320290630E-028   8.1619344931005946E-028
   2.1056017974895411        6.0599996116951986E-028   8.4778154164833750E-028
   2.1194859587729162        5.8622292101099368E-028   8.2926994692663679E-028
   1.8767337916371376        1.1078676933506955E-027   1.3128306641349904E-027
   1.8537680933644582        1.1557500875570503E-027   1.3681117136023234E-027
   1.8996994899098170        1.0525147875240812E-027   1.2545455674691414E-027
   1.8563347249049578        1.1494852685282095E-027   1.3620115282119147E-027
   1.8971328583693174        1.0593532454936326E-027   1.2611820733012199E-027
   1.8607126287305871        1.1387928453736425E-027   1.3515864089375258E-027
   1.8927549545436881        1.0710261020741368E-027   1.2724919102206876E-027
   1.8665138910995618        1.1262991009958673E-027   1.3376523697312685E-027
   1.8869536921747134        1.0865086701770464E-027   1.2874578185956349E-027
   1.8732231845619367        1.1142135884390904E-027   1.3213704712712493E-027
   1.8802443987123385        1.1015068765763831E-027   1.3042774101252281E-027
   1.8532551914639799        1.1570016534212390E-027   1.3693296839474834E-027
   1.9002123918102953        1.0511486982778573E-027   1.2532188650968504E-027
   1.8547997397881661        1.1532323288381553E-027   1.3656608277056145E-027
   1.8986678434861091        1.0552630095476953E-027   1.2572135870315227E-027
   1.8583213220728914        1.1446342563224522E-027   1.3572839348838709E-027
   1.8951462612013839        1.0646488602543104E-027   1.2663158443081460E-027
   1.8634634107770005        1.1320706142567352E-027   1.3450233228146705E-027
   1.8900041724972747        1.0783655421578232E-027   1.2795913933245313E-027
   1.8697917109954503        1.1204017712916695E-027   1.3297043763801226E-027
   1.8836758722788249        1.0952629504809978E-027   1.2959024532076595E-027
   1.9238958089359559        9.7660218194723272E-028   1.2014810197237472E-027
   1.9009301106632766        1.0492373613402136E-027   1.2513620990571877E-027
   1.9468615072086353        9.3918637194165524E-028   1.1569491487903611E-027
   1.9034967422037761        1.0415522886598009E-027   1.2452056838553044E-027
   1.9442948756681357        9.4426635485128950E-028   1.1598864382329879E-027
   1.9078746460294054        1.0260176135858842E-027   1.2360983444521487E-027
   1.9399169718425064        9.5292496773469229E-028   1.1648736851652499E-027
   1.9136759083983801        1.0055524825602965E-027   1.2239921309429490E-027
   1.9341157094735317        9.6220679118873321E-028   1.1765607575971665E-027
   1.9203852018607550        9.8206050061381110E-028   1.2099389430457178E-027
   1.9274064160111568        9.7167138069370146E-028   1.1929280370263740E-027
   1.9004172087627982        1.0506032234195252E-027   1.2526890280332334E-027
   1.9473744091091136        9.3817090588824281E-028   1.1563609886965760E-027
   1.9019617570869842        1.0464905795575508E-027   1.2486926428568873E-027
   1.9458298607849276        9.4122856320562487E-028   1.1581309707684168E-027
   1.9054833393717097        1.0344934724333298E-027   1.2410760655163846E-027
   1.9423082785002022        9.4819646506018902E-028   1.1621531205430614E-027
   1.9106254280758188        1.0162963534006949E-027   1.2303632541387268E-027
   1.9371661897960930        9.5788597771804700E-028   1.1691106531735628E-027
   1.9169537282942684        9.9405145811988203E-028   1.2171333073752836E-027
   1.9308378895776435        9.6683740144326031E-028   1.1845603173864054E-027
   1.5701806791948194        2.1409913316610533E-027   2.2592603538745412E-027
   1.4783178861041018        2.6047041575851542E-027   2.6409263205929504E-027
   1.6620434722855371        1.8415690278389477E-027   1.9569371438142129E-027
   1.4885844122660998        2.5458412188321076E-027   2.5947222801572368E-027
   1.6517769461235390        1.8820586230528593E-027   1.9819902770936269E-027
   1.5060960275686170        2.4453871589430385E-027   2.5153040912441409E-027
   1.6342653308210218        1.9507063145092982E-027   2.0234875153512464E-027
   1.5293010770445161        2.3250544048706346E-027   2.4177032213856472E-027
   1.6110602813451227        2.0149012248090404E-027   2.1069914804388892E-027
   1.5561382508940158        2.1928594198203935E-027   2.3076198926332368E-027
   1.5842231074956230        2.0887063857369491E-027   2.2103753117112895E-027
   1.4762662785021885        2.6164606103326035E-027   2.6501258232522343E-027
   1.6640950798874503        1.8324576611768763E-027   1.9488629587394157E-027
   1.4824444717989329        2.5810501106275429E-027   2.6223881376954530E-027
   1.6579168865907059        1.8579228316175316E-027   1.9672491808496053E-027
   1.4965308009378344        2.5002584885509963E-027   2.5587751316071664E-027
   1.6438305574518044        1.9132475247892108E-027   2.0009215875104068E-027
   1.5170991557542712        2.3873313494006007E-027   2.4684821960088305E-027
   1.6232622026353676        1.9859489067961192E-027   2.0579133378805520E-027
   1.5424123566280696        2.2580480436493939E-027   2.3627422350331202E-027
   1.5979490017615692        2.0455680683966047E-027   2.1594614324484202E-027
   1.7588287483900922        1.4715444612458754E-027   1.6156879755909900E-027
   1.6669659552993745        1.8197116901657895E-027   1.9375566862457124E-027
   1.8506915414808098        1.1632554903634993E-027   1.3754121466424454E-027
   1.6772324814613726        1.7741759676029928E-027   1.8970558940223882E-027
   1.8404250153188118        1.1928699033806836E-027   1.4002450550257974E-027
   1.6947440967638898        1.6976628998141692E-027   1.8299236580635811E-027
   1.8229134000162945        1.2650000485173242E-027   1.4448518019142311E-027
   1.7179491462397889        1.6066971572113568E-027   1.7636950527501542E-027
   1.7997083505403955        1.3189683416119654E-027   1.5036197700957078E-027
   1.7447863200892886        1.5270740346631686E-027   1.6589840840907839E-027
   1.7728711766908958        1.4098316219934928E-027   1.5779512764741159E-027
   1.6649143476974613        1.8288198403801406E-027   1.9456373800383644E-027
   1.8527431490827231        1.1582509979276500E-027   1.3705452589275885E-027
   1.6710925409942057        1.8013995945277114E-027   1.9212898903973011E-027
   1.8465649557859787        1.1733149744882406E-027   1.3851837924797618E-027
   1.6851788701331072        1.7389920603757580E-027   1.8656438398929599E-027
   1.8324786266470772        1.2254363608399911E-027   1.4205360727214588E-027
   1.7057472249495440        1.6545114366972901E-027   1.7986569981528750E-027
   1.8119102718306404        1.2921033504113939E-027   1.4728062318635926E-027
   1.7310604258233424        1.5657005338440154E-027   1.7148721252622698E-027
   1.7865970709568419        1.3618776806897263E-027   1.5399567460875423E-027
   1.7116667310912739        1.6313080293430642E-027   1.7817329241448504E-027
   1.6657353345459152        1.8251747609943598E-027   1.9424042941369774E-027
   1.7575981276366326        1.4769828893454935E-027   1.6189791768158167E-027
   1.6708685976269140        1.8023930689538588E-027   1.9221731061399809E-027
   1.7524648645556338        1.4997173739414015E-027   1.6326790655551122E-027
   1.6796244052781726        1.7635790168491597E-027   1.8876059802701451E-027
   1.7437090569043752        1.5301147046983176E-027   1.6633670171948149E-027
   1.6912269300161222        1.7122577901141790E-027   1.8417048830692380E-027
   1.7321065321664255        1.5627658025280054E-027   1.7106099545051660E-027
   1.7046455169408721        1.6588310866251666E-027   1.8017989707773601E-027
   1.7186879452416757        1.6038042326212091E-027   1.7615687824148707E-027
   1.6647095307449584        1.8297292611115977E-027   1.9464438441740533E-027
   1.7586239314375893        1.4724492767151711E-027   1.6162359250913934E-027
   1.6677986273933307        1.8160157437723778E-027   1.9342757473353938E-027
   1.7555348347892170        1.4861114598347728E-027   1.6244913705381938E-027
   1.6748417919627814        1.7847723931282350E-027   1.9064959514050198E-027
   1.7484916702197664        1.5166040958533712E-027   1.6439141382355471E-027
   1.6851259693709997        1.7392260783909683E-027   1.8658531175028652E-027
   1.7382074928115481        1.5456196438988183E-027   1.6857605453209537E-027
   1.6977825698078990        1.6857452212344740E-027   1.8213148897690155E-027
   1.7255508923746488        1.5811307118658469E-027   1.7373245241049656E-027
   1.8059907656889105        1.3051615517579171E-027   1.4877832038607669E-027
   1.7600593691435518        1.4661107111031890E-027   1.6123941542946674E-027
   1.8519221622342692        1.1602538809532780E-027   1.3724935181057690E-027
   1.7651926322245506        1.4434966481099034E-027   1.5986268249297937E-027
   1.8467888991532704        1.1727692951679392E-027   1.3846541102276887E-027
   1.7739484398758092        1.4051247335678572E-027   1.5750429580093033E-027
   1.8380330915020118        1.2026429694760566E-027   1.4063611184859298E-027
   1.7855509646137588        1.3654049078207563E-027   1.5428703501590497E-027
   1.8264305667640621        1.2504076248845388E-027   1.4359251495683654E-027
   1.7989695515385087        1.3205883888073632E-027   1.5054780525913698E-027
   1.8130119798393123        1.2896679139710264E-027   1.4700130359978119E-027
   1.7590335653425950        1.4706397753570045E-027   1.6151399535137881E-027
   1.8529479660352259        1.1577512750922779E-027   1.3700590714901495E-027
   1.7621226619909673        1.4570109771771086E-027   1.6068658099307987E-027
   1.8498588693868536        1.1652860320877198E-027   1.3773857936415446E-027
   1.7691658265604180        1.4260521004173520E-027   1.5879404799843827E-027
   1.8428157048174030        1.1831279625882879E-027   1.3941251936408796E-027
   1.7794500039686363        1.3859875101819980E-027   1.5598320594052983E-027
   1.8325315274091847        1.2252186365056328E-027   1.4204012562650422E-027
   1.7921066044055356        1.3433118653674129E-027   1.5245871195885810E-027
   1.8198749269722854        1.2744615667324880E-027   1.4525736554464527E-027
   1.7824097570395012        1.3759999460708014E-027   1.5516100408497404E-027
   1.7594440587668219        1.4688269981248919E-027   1.6140413913930377E-027
   1.8053754553121806        1.3065162056673891E-027   1.4893369637029160E-027
   1.7620106903073214        1.4575044601205932E-027   1.6071660109940635E-027
   1.8028088237716811        1.3121612720845251E-027   1.4958118445990493E-027
   1.7663885941329507        1.4382401944504242E-027   1.5954129021769218E-027
   1.7984309199460518        1.3220264169245408E-027   1.5068954907574874E-027
   1.7721898565019254        1.4128106075507833E-027   1.5797896994638735E-027
   1.7926296575770770        1.3415503375486447E-027   1.5231258862541688E-027
   1.7788991499643003        1.3878467916333367E-027   1.5613609036409933E-027
   1.7859203641147021        1.3641593071370449E-027   1.5418416752872177E-027
   1.7589311568663435        1.4710921020886513E-027   1.6154139736196091E-027
   1.8058883572126589        1.3053870476660763E-027   1.4880418422826374E-027
   1.7604757051905295        1.4642734665147989E-027   1.6112792187730138E-027
   1.8043438088884729        1.3087862997114043E-027   1.4919407366700119E-027
   1.7639972874752550        1.4487550622612453E-027   1.6018367003775380E-027
   1.8008222266037475        1.3165243743058663E-027   1.5008164330207692E-027
   1.7691393761793641        1.4261680578213597E-027   1.5880117071494725E-027
   1.7956801378996383        1.3312808921832555E-027   1.5145967993301218E-027
   1.7754676763978137        1.3994318079683632E-027   1.5708746115504741E-027
   1.7893518376811888        1.3525923593109602E-027   1.5322770345912767E-027
   1.8295717743383195        1.2374187163126390E-027   1.4279385076296735E-027
   1.8066060760656402        1.3038063847614661E-027   1.4862288655020536E-027
   1.8525374726109989        1.1587527976611503E-027   1.3710334294772249E-027
   1.8091727076061397        1.2981481106795947E-027   1.4797390926861543E-027
   1.8499708410704994        1.1650130001337835E-027   1.3771204475098865E-027
   1.8135506114317690        1.2884766396055528E-027   1.4686467783367235E-027
   1.8455929372448701        1.1756831553633685E-027   1.3874820408136951E-027
   1.8193518738007437        1.2756226013494054E-027   1.4539051413608266E-027
   1.8397916748758953        1.1954551183084130E-027   1.4018651669550304E-027
   1.8260611672631186        1.2519378213156000E-027   1.4368634892710401E-027
   1.8330823814135204        1.2229522035214205E-027   1.4189972014932684E-027
   1.8060931741651618        1.3049360416371239E-027   1.4875245494138457E-027
   1.8530503745114772        1.1575014061783791E-027   1.3698159564847819E-027
   1.8076377224893481        1.3015331278954495E-027   1.4836215263856883E-027
   1.8515058261872910        1.1612694508278229E-027   1.3734811622003136E-027
   1.8111593047740733        1.2937625287971145E-027   1.4747091579974918E-027
   1.8479842439025658        1.1698561556838680E-027   1.3818256298779124E-027
   1.8163013934781824        1.2823869864952259E-027   1.4616627536406981E-027
   1.8428421551984566        1.1830203258292816E-027   1.3940574456640181E-027
   1.8226296936966322        1.2661793402378322E-027   1.4455711120762892E-027
   1.8365138549800069        1.2088637429867242E-027   1.4102420745671203E-027
